0.230891
0.272894
0.163088
-0.0907063
0.839718
-0.0279723
0.243228
0.0478361
0.248111
0.327914
0.0947151
0.172331
0.173332
-0.962031
-0.277771
-0.397954
0.341118
0.156638
0.56508
-0.0879962
0.156224
0.17808
0.440014
0.555348
-0.0412786
-0.0554826
0.0907569
0.0653873
-0.0827442
0.397735
0.68685
0.241539
0.504515
0.384761
0.174297
0.535845
-0.14593
0.195473
0.253953
0.0472141
0.191638
-0.535412
-0.124026
0.248113
0.408543
0.13885
0.00529356
-0.232865
-0.0206397
-0.50679
-0.440972
-0.561999
-0.509008
-0.663536
-0.361689
-0.757156
-0.629882
-0.696641
-0.651725
-0.91512
