0.912900447845459 0.431322753429413 0.431322753429413 0.431322753429413 0.431322753429413 0.431322753429413 0.431322753429413 0.431322753429413 0.431322753429413 0.431322753429413 0.431322753429413 0.431322753429413 0.431322753429413 0.431322753429413 0.431322753429413 0.431322753429413 0.431322753429413 0.431322753429413 0.431322753429413 0.431322753429413 0.431322753429413 0.431322753429413 0.431322753429413 0.431322753429413 0.431322753429413
0.431322753429413 0.860945940017700 0.431322753429413 0.431322753429413 0.431322753429413 0.431322753429413 0.431322753429413 0.431322753429413 0.431322753429413 0.431322753429413 0.431322753429413 0.431322753429413 0.431322753429413 0.431322753429413 0.431322753429413 0.431322753429413 0.431322753429413 0.431322753429413 0.431322753429413 0.431322753429413 0.431322753429413 0.431322753429413 0.431322753429413 0.431322753429413 0.431322753429413
0.431322753429413 0.431322753429413 0.423017919063568 0.431322753429413 0.431322753429413 0.431322753429413 0.431322753429413 0.431322753429413 0.431322753429413 0.431322753429413 0.431322753429413 0.431322753429413 0.431322753429413 0.431322753429413 0.431322753429413 0.431322753429413 0.431322753429413 0.431322753429413 0.431322753429413 0.431322753429413 0.431322753429413 0.431322753429413 0.431322753429413 0.431322753429413 0.431322753429413
0.431322753429413 0.431322753429413 0.431322753429413 0.515212535858154 0.431322753429413 0.431322753429413 0.431322753429413 0.431322753429413 0.431322753429413 0.431322753429413 0.431322753429413 0.431322753429413 0.431322753429413 0.431322753429413 0.431322753429413 0.431322753429413 0.431322753429413 0.431322753429413 0.431322753429413 0.431322753429413 0.431322753429413 0.431322753429413 0.431322753429413 0.431322753429413 0.431322753429413
0.431322753429413 0.431322753429413 0.431322753429413 0.431322753429413 0.672454476356506 0.431322753429413 0.431322753429413 0.431322753429413 0.431322753429413 0.431322753429413 0.431322753429413 0.431322753429413 0.431322753429413 0.431322753429413 0.431322753429413 0.431322753429413 0.431322753429413 0.431322753429413 0.431322753429413 0.431322753429413 0.431322753429413 0.431322753429413 0.431322753429413 0.431322753429413 0.431322753429413
0.431322753429413 0.431322753429413 0.431322753429413 0.431322753429413 0.431322753429413 0.507515430450439 0.431322753429413 0.431322753429413 0.431322753429413 0.431322753429413 0.431322753429413 0.431322753429413 0.431322753429413 0.431322753429413 0.431322753429413 0.431322753429413 0.431322753429413 0.431322753429413 0.431322753429413 0.431322753429413 0.431322753429413 0.431322753429413 0.431322753429413 0.431322753429413 0.431322753429413
0.431322753429413 0.431322753429413 0.431322753429413 0.431322753429413 0.431322753429413 0.431322753429413 0.398461163043976 0.431322753429413 0.431322753429413 0.431322753429413 0.431322753429413 0.431322753429413 0.431322753429413 0.431322753429413 0.431322753429413 0.431322753429413 0.431322753429413 0.431322753429413 0.431322753429413 0.431322753429413 0.431322753429413 0.431322753429413 0.431322753429413 0.431322753429413 0.431322753429413
0.431322753429413 0.431322753429413 0.431322753429413 0.431322753429413 0.431322753429413 0.431322753429413 0.431322753429413 0.526728868484497 0.431322753429413 0.431322753429413 0.431322753429413 0.431322753429413 0.431322753429413 0.431322753429413 0.431322753429413 0.431322753429413 0.431322753429413 0.431322753429413 0.431322753429413 0.431322753429413 0.431322753429413 0.431322753429413 0.431322753429413 0.431322753429413 0.431322753429413
0.431322753429413 0.431322753429413 0.431322753429413 0.431322753429413 0.431322753429413 0.431322753429413 0.431322753429413 0.431322753429413 0.513726174831390 0.431322753429413 0.431322753429413 0.431322753429413 0.431322753429413 0.431322753429413 0.431322753429413 0.431322753429413 0.431322753429413 0.431322753429413 0.431322753429413 0.431322753429413 0.431322753429413 0.431322753429413 0.431322753429413 0.431322753429413 0.431322753429413
0.431322753429413 0.431322753429413 0.431322753429413 0.431322753429413 0.431322753429413 0.431322753429413 0.431322753429413 0.431322753429413 0.431322753429413 0.303145527839661 0.431322753429413 0.431322753429413 0.431322753429413 0.431322753429413 0.431322753429413 0.431322753429413 0.431322753429413 0.431322753429413 0.431322753429413 0.431322753429413 0.431322753429413 0.431322753429413 0.431322753429413 0.431322753429413 0.431322753429413
0.431322753429413 0.431322753429413 0.431322753429413 0.431322753429413 0.431322753429413 0.431322753429413 0.431322753429413 0.431322753429413 0.431322753429413 0.431322753429413 0.370177954435349 0.431322753429413 0.431322753429413 0.431322753429413 0.431322753429413 0.431322753429413 0.431322753429413 0.431322753429413 0.431322753429413 0.431322753429413 0.431322753429413 0.431322753429413 0.431322753429413 0.431322753429413 0.431322753429413
0.431322753429413 0.431322753429413 0.431322753429413 0.431322753429413 0.431322753429413 0.431322753429413 0.431322753429413 0.431322753429413 0.431322753429413 0.431322753429413 0.431322753429413 0.504684269428253 0.431322753429413 0.431322753429413 0.431322753429413 0.431322753429413 0.431322753429413 0.431322753429413 0.431322753429413 0.431322753429413 0.431322753429413 0.431322753429413 0.431322753429413 0.431322753429413 0.431322753429413
0.431322753429413 0.431322753429413 0.431322753429413 0.431322753429413 0.431322753429413 0.431322753429413 0.431322753429413 0.431322753429413 0.431322753429413 0.431322753429413 0.431322753429413 0.431322753429413 0.606174111366272 0.431322753429413 0.431322753429413 0.431322753429413 0.431322753429413 0.431322753429413 0.431322753429413 0.431322753429413 0.431322753429413 0.431322753429413 0.431322753429413 0.431322753429413 0.431322753429413
0.431322753429413 0.431322753429413 0.431322753429413 0.431322753429413 0.431322753429413 0.431322753429413 0.431322753429413 0.431322753429413 0.431322753429413 0.431322753429413 0.431322753429413 0.431322753429413 0.431322753429413 0.551640391349792 0.431322753429413 0.431322753429413 0.431322753429413 0.431322753429413 0.431322753429413 0.431322753429413 0.431322753429413 0.431322753429413 0.431322753429413 0.431322753429413 0.431322753429413
0.431322753429413 0.431322753429413 0.431322753429413 0.431322753429413 0.431322753429413 0.431322753429413 0.431322753429413 0.431322753429413 0.431322753429413 0.431322753429413 0.431322753429413 0.431322753429413 0.431322753429413 0.431322753429413 0.583463609218597 0.431322753429413 0.431322753429413 0.431322753429413 0.431322753429413 0.431322753429413 0.431322753429413 0.431322753429413 0.431322753429413 0.431322753429413 0.431322753429413
0.431322753429413 0.431322753429413 0.431322753429413 0.431322753429413 0.431322753429413 0.431322753429413 0.431322753429413 0.431322753429413 0.431322753429413 0.431322753429413 0.431322753429413 0.431322753429413 0.431322753429413 0.431322753429413 0.431322753429413 0.389783442020416 0.431322753429413 0.431322753429413 0.431322753429413 0.431322753429413 0.431322753429413 0.431322753429413 0.431322753429413 0.431322753429413 0.431322753429413
0.431322753429413 0.431322753429413 0.431322753429413 0.431322753429413 0.431322753429413 0.431322753429413 0.431322753429413 0.431322753429413 0.431322753429413 0.431322753429413 0.431322753429413 0.431322753429413 0.431322753429413 0.431322753429413 0.431322753429413 0.431322753429413 0.590702652931213 0.431322753429413 0.431322753429413 0.431322753429413 0.431322753429413 0.431322753429413 0.431322753429413 0.431322753429413 0.431322753429413
0.431322753429413 0.431322753429413 0.431322753429413 0.431322753429413 0.431322753429413 0.431322753429413 0.431322753429413 0.431322753429413 0.431322753429413 0.431322753429413 0.431322753429413 0.431322753429413 0.431322753429413 0.431322753429413 0.431322753429413 0.431322753429413 0.431322753429413 0.680261254310608 0.431322753429413 0.431322753429413 0.431322753429413 0.431322753429413 0.431322753429413 0.431322753429413 0.431322753429413
0.431322753429413 0.431322753429413 0.431322753429413 0.431322753429413 0.431322753429413 0.431322753429413 0.431322753429413 0.431322753429413 0.431322753429413 0.431322753429413 0.431322753429413 0.431322753429413 0.431322753429413 0.431322753429413 0.431322753429413 0.431322753429413 0.431322753429413 0.431322753429413 0.651760637760162 0.431322753429413 0.431322753429413 0.431322753429413 0.431322753429413 0.431322753429413 0.431322753429413
0.431322753429413 0.431322753429413 0.431322753429413 0.431322753429413 0.431322753429413 0.431322753429413 0.431322753429413 0.431322753429413 0.431322753429413 0.431322753429413 0.431322753429413 0.431322753429413 0.431322753429413 0.431322753429413 0.431322753429413 0.431322753429413 0.431322753429413 0.431322753429413 0.431322753429413 0.417316019535065 0.431322753429413 0.431322753429413 0.431322753429413 0.431322753429413 0.431322753429413
0.431322753429413 0.431322753429413 0.431322753429413 0.431322753429413 0.431322753429413 0.431322753429413 0.431322753429413 0.431322753429413 0.431322753429413 0.431322753429413 0.431322753429413 0.431322753429413 0.431322753429413 0.431322753429413 0.431322753429413 0.431322753429413 0.431322753429413 0.431322753429413 0.431322753429413 0.431322753429413 0.444653451442719 0.431322753429413 0.431322753429413 0.431322753429413 0.431322753429413
0.431322753429413 0.431322753429413 0.431322753429413 0.431322753429413 0.431322753429413 0.431322753429413 0.431322753429413 0.431322753429413 0.431322753429413 0.431322753429413 0.431322753429413 0.431322753429413 0.431322753429413 0.431322753429413 0.431322753429413 0.431322753429413 0.431322753429413 0.431322753429413 0.431322753429413 0.431322753429413 0.431322753429413 0.628597319126129 0.431322753429413 0.431322753429413 0.431322753429413
0.431322753429413 0.431322753429413 0.431322753429413 0.431322753429413 0.431322753429413 0.431322753429413 0.431322753429413 0.431322753429413 0.431322753429413 0.431322753429413 0.431322753429413 0.431322753429413 0.431322753429413 0.431322753429413 0.431322753429413 0.431322753429413 0.431322753429413 0.431322753429413 0.431322753429413 0.431322753429413 0.431322753429413 0.431322753429413 0.965173780918121 0.431322753429413 0.431322753429413
0.431322753429413 0.431322753429413 0.431322753429413 0.431322753429413 0.431322753429413 0.431322753429413 0.431322753429413 0.431322753429413 0.431322753429413 0.431322753429413 0.431322753429413 0.431322753429413 0.431322753429413 0.431322753429413 0.431322753429413 0.431322753429413 0.431322753429413 0.431322753429413 0.431322753429413 0.431322753429413 0.431322753429413 0.431322753429413 0.431322753429413 0.808655023574829 0.431322753429413
0.431322753429413 0.431322753429413 0.431322753429413 0.431322753429413 0.431322753429413 0.431322753429413 0.431322753429413 0.431322753429413 0.431322753429413 0.431322753429413 0.431322753429413 0.431322753429413 0.431322753429413 0.431322753429413 0.431322753429413 0.431322753429413 0.431322753429413 0.431322753429413 0.431322753429413 0.431322753429413 0.431322753429413 0.431322753429413 0.431322753429413 0.431322753429413 1.020769357681274
0.431322753429413 0.191982492804527 0.431322753429413 0.431322753429413 0.431322753429413 0.431322753429413 0.431322753429413 0.431322753429413 0.431322753429413 0.431322753429413 0.431322753429413 0.431322753429413 0.217457219958305 0.431322753429413 0.431322753429413 0.431322753429413 0.259483426809311 0.431322753429413 0.431322753429413 0.431322753429413 0.431322753429413 0.431322753429413 0.431322753429413 0.431322753429413 0.431322753429413
0.431322753429413 0.431322753429413 0.431322753429413 0.431322753429413 0.431322753429413 0.431322753429413 0.431322753429413 0.431322753429413 0.431322753429413 0.431322753429413 0.431322753429413 0.431322753429413 0.431322753429413 0.431322753429413 0.431322753429413 0.431322753429413 0.431322753429413 0.431322753429413 0.431322753429413 0.431322753429413 0.506695926189423 0.431322753429413 0.431322753429413 0.431322753429413 0.431322753429413
0.431322753429413 0.431322753429413 0.431322753429413 0.431322753429413 0.431322753429413 0.431322753429413 0.431322753429413 0.431322753429413 0.431322753429413 0.431322753429413 0.431322753429413 0.431322753429413 0.431322753429413 0.431322753429413 0.431322753429413 0.431322753429413 0.431322753429413 0.431322753429413 0.431322753429413 0.431322753429413 1.382553100585938 0.431322753429413 0.431322753429413 0.431322753429413 0.431322753429413
0.431322753429413 0.431322753429413 0.710863292217255 0.431322753429413 0.431322753429413 0.431322753429413 0.431322753429413 0.431322753429413 0.431322753429413 0.431322753429413 0.431322753429413 0.431322753429413 0.431322753429413 0.431322753429413 0.431322753429413 0.431322753429413 0.431322753429413 0.431322753429413 0.431322753429413 0.431322753429413 0.431322753429413 0.431322753429413 0.431322753429413 0.431322753429413 0.431322753429413
0.431322753429413 0.431322753429413 0.431322753429413 0.431322753429413 0.431322753429413 0.431322753429413 0.431322753429413 0.431322753429413 0.431322753429413 0.431322753429413 0.431322753429413 0.431322753429413 0.431322753429413 0.431322753429413 0.431322753429413 0.431322753429413 0.431322753429413 0.431322753429413 0.431322753429413 0.431322753429413 -0.061551917344332 0.431322753429413 0.431322753429413 0.431322753429413 0.431322753429413
0.431322753429413 0.431322753429413 0.431322753429413 0.431322753429413 0.782986223697662 0.431322753429413 0.778200447559357 0.431322753429413 0.431322753429413 0.431322753429413 0.431322753429413 0.431322753429413 0.431322753429413 0.431322753429413 0.431322753429413 0.431322753429413 0.431322753429413 0.431322753429413 0.431322753429413 0.431322753429413 0.431322753429413 0.431322753429413 0.431322753429413 0.431322753429413 0.431322753429413
0.431322753429413 0.431322753429413 0.431322753429413 0.431322753429413 0.431322753429413 0.621429145336151 0.431322753429413 0.736024677753448 0.431322753429413 0.431322753429413 0.431322753429413 0.431322753429413 0.431322753429413 0.431322753429413 0.431322753429413 0.431322753429413 0.431322753429413 0.431322753429413 0.431322753429413 0.431322753429413 0.431322753429413 0.431322753429413 0.431322753429413 0.431322753429413 0.431322753429413
0.431322753429413 0.431322753429413 0.431322753429413 0.431322753429413 0.431322753429413 0.431322753429413 0.235080748796463 0.431322753429413 0.431322753429413 0.431322753429413 0.431322753429413 0.431322753429413 0.431322753429413 0.431322753429413 0.431322753429413 0.431322753429413 0.431322753429413 0.431322753429413 0.431322753429413 0.431322753429413 0.431322753429413 0.431322753429413 0.553984701633453 0.431322753429413 0.431322753429413
0.431322753429413 0.431322753429413 0.431322753429413 0.431322753429413 0.431322753429413 0.431322753429413 0.431322753429413 0.431322753429413 0.431322753429413 0.431322753429413 0.431322753429413 0.431322753429413 0.431322753429413 0.431322753429413 0.431322753429413 0.431322753429413 0.431322753429413 0.431322753429413 0.431322753429413 0.431322753429413 -0.191213205456734 0.431322753429413 0.431322753429413 0.431322753429413 0.431322753429413
0.431322753429413 0.431322753429413 0.431322753429413 0.431322753429413 0.431322753429413 0.431322753429413 0.431322753429413 0.431322753429413 1.205309152603149 0.431322753429413 1.006273746490479 0.431322753429413 0.431322753429413 0.431322753429413 0.431322753429413 0.431322753429413 0.431322753429413 0.431322753429413 0.431322753429413 0.431322753429413 0.431322753429413 0.431322753429413 0.431322753429413 0.431322753429413 0.431322753429413
0.431322753429413 0.431322753429413 0.431322753429413 0.431322753429413 0.431322753429413 0.431322753429413 0.431322753429413 0.431322753429413 0.431322753429413 0.785373151302338 0.431322753429413 0.917488038539886 0.431322753429413 0.431322753429413 0.431322753429413 0.431322753429413 0.431322753429413 0.431322753429413 0.431322753429413 0.431322753429413 0.431322753429413 0.431322753429413 0.431322753429413 0.431322753429413 0.431322753429413
0.431322753429413 0.431322753429413 0.431322753429413 0.431322753429413 0.431322753429413 0.431322753429413 0.431322753429413 0.431322753429413 0.431322753429413 0.431322753429413 0.381541073322296 0.431322753429413 0.431322753429413 0.431322753429413 0.431322753429413 0.431322753429413 0.431322753429413 0.431322753429413 0.431322753429413 0.431322753429413 0.431322753429413 0.431322753429413 0.431322753429413 0.431322753429413 0.705900430679321
-0.015094248577952 0.431322753429413 0.431322753429413 0.431322753429413 0.431322753429413 0.431322753429413 0.431322753429413 0.431322753429413 0.431322753429413 0.431322753429413 0.431322753429413 0.431322753429413 0.431322753429413 0.209247440099716 0.431322753429413 0.431322753429413 0.431322753429413 0.431322753429413 0.431322753429413 0.431322753429413 0.431322753429413 0.431322753429413 0.431322753429413 0.431322753429413 0.431322753429413
0.431322753429413 0.431322753429413 0.431322753429413 0.431322753429413 0.431322753429413 0.431322753429413 0.431322753429413 0.431322753429413 0.431322753429413 0.431322753429413 0.431322753429413 0.431322753429413 0.022882524877787 0.431322753429413 0.187206402420998 0.431322753429413 0.431322753429413 0.431322753429413 0.431322753429413 0.431322753429413 0.431322753429413 0.431322753429413 0.431322753429413 0.431322753429413 0.431322753429413
0.431322753429413 0.431322753429413 0.431322753429413 0.431322753429413 0.431322753429413 0.431322753429413 0.431322753429413 0.431322753429413 0.431322753429413 0.431322753429413 0.431322753429413 0.431322753429413 0.431322753429413 0.064771912992001 0.431322753429413 0.380047470331192 0.431322753429413 0.431322753429413 0.431322753429413 0.431322753429413 0.431322753429413 0.431322753429413 0.431322753429413 0.431322753429413 0.431322753429413
0.431322753429413 0.431322753429413 0.431322753429413 0.431322753429413 0.431322753429413 0.431322753429413 0.431322753429413 0.431322753429413 0.431322753429413 0.431322753429413 0.431322753429413 0.431322753429413 0.431322753429413 0.431322753429413 0.019247261807323 0.431322753429413 0.431322753429413 0.431322753429413 0.431322753429413 0.431322753429413 0.431322753429413 0.431322753429413 0.431322753429413 0.431322753429413 0.431322753429413
0.127119570970535 0.431322753429413 0.431322753429413 0.431322753429413 0.431322753429413 0.431322753429413 0.431322753429413 0.431322753429413 0.431322753429413 0.431322753429413 0.431322753429413 0.431322753429413 0.431322753429413 0.431322753429413 0.431322753429413 0.431322753429413 0.431322753429413 0.227026030421257 0.431322753429413 0.431322753429413 0.431322753429413 0.431322753429413 0.431322753429413 0.431322753429413 0.431322753429413
0.431322753429413 0.431322753429413 0.431322753429413 0.431322753429413 0.431322753429413 0.431322753429413 0.431322753429413 0.431322753429413 0.431322753429413 0.431322753429413 0.431322753429413 0.431322753429413 0.431322753429413 0.431322753429413 0.431322753429413 0.431322753429413 -0.039992444217205 0.431322753429413 0.278783261775970 0.431322753429413 0.431322753429413 0.431322753429413 0.431322753429413 0.431322753429413 0.431322753429413
0.431322753429413 0.431322753429413 0.431322753429413 0.431322753429413 0.431322753429413 0.431322753429413 0.431322753429413 0.431322753429413 0.431322753429413 0.431322753429413 0.431322753429413 0.431322753429413 0.431322753429413 0.431322753429413 0.431322753429413 0.431322753429413 0.431322753429413 0.096913173794746 0.431322753429413 0.298746526241302 0.431322753429413 0.431322753429413 0.431322753429413 0.431322753429413 0.431322753429413
0.431322753429413 0.431322753429413 0.431322753429413 0.431322753429413 0.431322753429413 0.431322753429413 0.431322753429413 0.431322753429413 0.431322753429413 0.431322753429413 0.431322753429413 0.431322753429413 0.431322753429413 0.431322753429413 0.431322753429413 0.431322753429413 0.431322753429413 0.431322753429413 -0.020478416234255 0.431322753429413 0.431322753429413 0.431322753429413 0.431322753429413 0.431322753429413 0.431322753429413
0.431322753429413 0.431322753429413 0.431322753429413 0.431322753429413 0.431322753429413 0.431322753429413 0.431322753429413 0.431322753429413 0.431322753429413 0.431322753429413 0.431322753429413 0.431322753429413 0.431322753429413 0.431322753429413 0.431322753429413 0.431322753429413 0.431322753429413 0.431322753429413 0.431322753429413 0.431322753429413 0.431322753429413 0.431322753429413 0.431322753429413 0.431322753429413 0.431322753429413
0.431322753429413 0.431322753429413 0.431322753429413 0.431322753429413 0.431322753429413 0.431322753429413 0.431322753429413 0.431322753429413 0.431322753429413 0.431322753429413 0.431322753429413 0.431322753429413 0.431322753429413 0.431322753429413 0.431322753429413 0.431322753429413 0.431322753429413 0.431322753429413 0.431322753429413 0.431322753429413 0.431322753429413 0.431322753429413 0.149933353066444 0.431322753429413 0.431322753429413
0.431322753429413 0.431322753429413 0.431322753429413 0.431322753429413 0.431322753429413 0.431322753429413 0.431322753429413 0.176771685481071 0.431322753429413 0.431322753429413 0.431322753429413 0.431322753429413 0.431322753429413 0.431322753429413 0.431322753429413 0.431322753429413 0.431322753429413 0.431322753429413 0.431322753429413 0.431322753429413 0.431322753429413 0.227202653884888 0.431322753429413 0.431322753429413 0.431322753429413
0.431322753429413 0.431322753429413 0.431322753429413 0.431322753429413 0.431322753429413 0.431322753429413 0.431322753429413 0.431322753429413 0.431322753429413 0.431322753429413 0.431322753429413 0.431322753429413 0.431322753429413 0.431322753429413 0.431322753429413 0.431322753429413 0.431322753429413 0.431322753429413 0.431322753429413 0.431322753429413 0.431322753429413 0.431322753429413 0.431322753429413 0.431322753429413 0.143740221858025
0.431322753429413 0.431322753429413 0.431322753429413 0.431322753429413 0.431322753429413 0.431322753429413 0.431322753429413 0.431322753429413 0.431322753429413 0.431322753429413 0.431322753429413 0.222031593322754 0.431322753429413 0.431322753429413 0.431322753429413 0.431322753429413 0.431322753429413 0.431322753429413 0.431322753429413 0.431322753429413 0.431322753429413 0.431322753429413 0.431322753429413 0.617901206016541 0.431322753429413
0.431322753429413 0.431322753429413 0.431322753429413 0.431322753429413 0.431322753429413 0.431322753429413 0.431322753429413 0.431322753429413 0.431322753429413 0.431322753429413 0.431322753429413 0.431322753429413 0.431322753429413 0.431322753429413 0.431322753429413 0.431322753429413 0.431322753429413 0.431322753429413 0.431322753429413 0.431322753429413 0.431322753429413 0.431322753429413 0.431322753429413 0.431322753429413 0.431322753429413
0.724123001098633 0.431322753429413 0.431322753429413 0.431322753429413 0.431322753429413 0.431322753429413 0.431322753429413 0.431322753429413 0.431322753429413 0.431322753429413 0.431322753429413 0.431322753429413 0.431322753429413 0.431322753429413 0.431322753429413 0.431322753429413 0.431322753429413 0.431322753429413 0.431322753429413 0.431322753429413 0.431322753429413 0.431322753429413 0.431322753429413 0.431322753429413 0.431322753429413
0.431322753429413 0.431322753429413 0.431322753429413 0.447727084159851 0.431322753429413 0.431322753429413 0.431322753429413 0.431322753429413 0.431322753429413 0.431322753429413 0.431322753429413 0.431322753429413 0.431322753429413 0.431322753429413 0.431322753429413 0.431322753429413 0.431322753429413 0.431322753429413 0.431322753429413 0.431322753429413 0.431322753429413 0.431322753429413 0.431322753429413 0.431322753429413 0.431322753429413
0.431322753429413 0.431322753429413 0.431322753429413 0.431322753429413 0.431322753429413 0.431322753429413 0.431322753429413 0.431322753429413 0.431322753429413 0.431322753429413 0.431322753429413 0.431322753429413 0.431322753429413 0.431322753429413 0.431322753429413 0.431322753429413 0.431322753429413 0.431322753429413 0.431322753429413 0.431322753429413 0.431322753429413 0.431322753429413 0.431322753429413 0.431322753429413 0.431322753429413
0.431322753429413 0.431322753429413 0.431322753429413 0.431322753429413 0.431322753429413 0.954842209815979 0.431322753429413 0.431322753429413 0.431322753429413 0.431322753429413 0.431322753429413 0.431322753429413 0.431322753429413 0.431322753429413 0.431322753429413 0.431322753429413 0.431322753429413 0.431322753429413 0.431322753429413 0.431322753429413 0.431322753429413 0.431322753429413 0.431322753429413 0.431322753429413 0.431322753429413
0.431322753429413 0.431322753429413 0.431322753429413 0.431322753429413 0.431322753429413 0.431322753429413 0.431322753429413 0.431322753429413 0.431322753429413 0.431322753429413 0.431322753429413 0.431322753429413 0.431322753429413 0.431322753429413 0.431322753429413 0.431322753429413 0.431322753429413 0.431322753429413 0.431322753429413 0.431322753429413 0.431322753429413 0.431322753429413 0.431322753429413 0.431322753429413 0.431322753429413
0.431322753429413 0.431322753429413 0.431322753429413 0.431322753429413 0.431322753429413 0.431322753429413 0.431322753429413 0.431322753429413 0.431322753429413 0.431322753429413 0.431322753429413 0.431322753429413 0.431322753429413 0.431322753429413 0.431322753429413 0.431322753429413 0.431322753429413 0.431322753429413 0.431322753429413 0.431322753429413 0.431322753429413 0.431322753429413 0.431322753429413 0.431322753429413 0.431322753429413
0.431322753429413 0.431322753429413 0.431322753429413 0.431322753429413 0.431322753429413 0.431322753429413 0.431322753429413 0.431322753429413 0.431322753429413 0.431322753429413 0.431322753429413 0.431322753429413 0.431322753429413 0.431322753429413 0.431322753429413 0.431322753429413 0.431322753429413 0.431322753429413 0.431322753429413 0.431322753429413 0.431322753429413 0.431322753429413 0.431322753429413 0.431322753429413 0.431322753429413
0.431322753429413 0.431322753429413 0.431322753429413 0.431322753429413 0.431322753429413 0.431322753429413 0.431322753429413 0.431322753429413 0.431322753429413 1.051763415336609 0.431322753429413 0.431322753429413 0.431322753429413 0.431322753429413 0.431322753429413 0.431322753429413 0.431322753429413 0.431322753429413 0.431322753429413 0.431322753429413 0.431322753429413 0.431322753429413 0.431322753429413 0.431322753429413 0.431322753429413
0.431322753429413 0.431322753429413 0.431322753429413 0.431322753429413 0.431322753429413 0.431322753429413 0.431322753429413 0.431322753429413 0.431322753429413 0.431322753429413 0.431322753429413 0.431322753429413 0.431322753429413 0.431322753429413 0.431322753429413 0.431322753429413 0.431322753429413 0.431322753429413 0.431322753429413 0.431322753429413 0.431322753429413 0.431322753429413 0.431322753429413 0.431322753429413 0.431322753429413
0.431322753429413 0.431322753429413 0.431322753429413 0.431322753429413 0.431322753429413 0.431322753429413 0.431322753429413 0.431322753429413 0.431322753429413 0.431322753429413 0.431322753429413 0.431322753429413 0.431322753429413 0.431322753429413 0.431322753429413 0.431322753429413 0.431322753429413 0.431322753429413 0.431322753429413 0.431322753429413 0.431322753429413 0.431322753429413 0.431322753429413 0.431322753429413 0.431322753429413
0.431322753429413 0.431322753429413 0.431322753429413 0.431322753429413 0.431322753429413 0.431322753429413 0.431322753429413 0.431322753429413 0.431322753429413 0.431322753429413 0.431322753429413 0.431322753429413 0.431322753429413 0.431322753429413 0.431322753429413 0.431322753429413 0.431322753429413 0.431322753429413 0.431322753429413 0.431322753429413 0.431322753429413 0.431322753429413 0.431322753429413 0.431322753429413 0.431322753429413
0.431322753429413 0.431322753429413 0.431322753429413 0.431322753429413 0.431322753429413 0.431322753429413 0.431322753429413 0.431322753429413 0.431322753429413 0.431322753429413 0.431322753429413 0.431322753429413 0.431322753429413 0.431322753429413 0.431322753429413 0.431322753429413 0.431322753429413 0.431322753429413 0.431322753429413 0.431322753429413 0.431322753429413 0.431322753429413 0.431322753429413 0.431322753429413 0.431322753429413
0.431322753429413 0.431322753429413 0.431322753429413 0.431322753429413 0.431322753429413 0.431322753429413 0.431322753429413 0.431322753429413 0.431322753429413 0.431322753429413 0.431322753429413 0.431322753429413 0.431322753429413 0.431322753429413 0.431322753429413 0.431322753429413 0.431322753429413 0.431322753429413 0.431322753429413 0.431322753429413 0.431322753429413 0.431322753429413 0.431322753429413 0.431322753429413 0.431322753429413
0.431322753429413 0.431322753429413 0.431322753429413 0.431322753429413 0.431322753429413 0.431322753429413 0.431322753429413 0.431322753429413 0.431322753429413 0.431322753429413 0.431322753429413 0.431322753429413 0.431322753429413 0.431322753429413 0.431322753429413 0.431322753429413 0.431322753429413 0.431322753429413 0.431322753429413 0.431322753429413 0.431322753429413 0.431322753429413 0.431322753429413 0.431322753429413 0.431322753429413
0.431322753429413 0.431322753429413 0.431322753429413 0.431322753429413 0.431322753429413 0.431322753429413 0.431322753429413 0.431322753429413 0.431322753429413 0.431322753429413 0.431322753429413 0.431322753429413 0.431322753429413 0.431322753429413 0.431322753429413 0.431322753429413 0.431322753429413 0.431322753429413 0.431322753429413 0.431322753429413 0.431322753429413 0.431322753429413 0.431322753429413 0.431322753429413 0.431322753429413
0.431322753429413 0.431322753429413 0.431322753429413 0.431322753429413 0.431322753429413 0.431322753429413 0.431322753429413 0.431322753429413 0.431322753429413 0.431322753429413 0.431322753429413 0.431322753429413 0.431322753429413 0.431322753429413 0.431322753429413 0.431322753429413 0.431322753429413 0.431322753429413 0.431322753429413 0.431322753429413 0.431322753429413 0.431322753429413 0.431322753429413 0.431322753429413 0.431322753429413
0.431322753429413 0.431322753429413 0.431322753429413 0.431322753429413 0.431322753429413 0.431322753429413 0.431322753429413 0.431322753429413 0.431322753429413 0.431322753429413 0.431322753429413 0.431322753429413 0.431322753429413 0.431322753429413 0.431322753429413 0.431322753429413 0.431322753429413 0.431322753429413 0.431322753429413 0.431322753429413 0.431322753429413 0.431322753429413 0.431322753429413 0.431322753429413 0.431322753429413
0.431322753429413 0.431322753429413 0.431322753429413 0.431322753429413 0.431322753429413 0.431322753429413 0.431322753429413 0.431322753429413 0.431322753429413 0.431322753429413 0.431322753429413 0.431322753429413 0.431322753429413 0.431322753429413 0.431322753429413 0.431322753429413 0.431322753429413 0.431322753429413 0.431322753429413 0.431322753429413 0.431322753429413 0.431322753429413 0.431322753429413 0.431322753429413 0.431322753429413
0.431322753429413 0.431322753429413 0.431322753429413 0.431322753429413 0.431322753429413 0.431322753429413 0.431322753429413 0.431322753429413 0.431322753429413 0.431322753429413 0.431322753429413 0.431322753429413 0.431322753429413 0.431322753429413 0.431322753429413 0.431322753429413 0.431322753429413 0.431322753429413 0.431322753429413 0.431322753429413 0.431322753429413 0.431322753429413 0.431322753429413 0.431322753429413 0.431322753429413
0.431322753429413 0.625459551811218 0.561089813709259 0.431322753429413 0.848916709423065 0.431322753429413 0.431322753429413 0.431322753429413 0.802830398082733 0.431322753429413 0.431322753429413 0.431322753429413 0.431322753429413 0.431322753429413 0.431322753429413 0.431322753429413 0.431322753429413 0.431322753429413 0.431322753429413 0.431322753429413 0.431322753429413 0.431322753429413 0.431322753429413 0.431322753429413 0.431322753429413
0.431322753429413 0.431322753429413 0.431322753429413 0.431322753429413 0.431322753429413 0.431322753429413 0.431322753429413 0.431322753429413 0.431322753429413 0.431322753429413 0.431322753429413 0.431322753429413 0.431322753429413 0.431322753429413 0.431322753429413 0.431322753429413 0.431322753429413 0.431322753429413 0.431322753429413 0.431322753429413 0.431322753429413 0.431322753429413 0.431322753429413 0.431322753429413 0.431322753429413
0.431322753429413 0.431322753429413 0.431322753429413 0.431322753429413 0.431322753429413 0.431322753429413 0.431322753429413 0.431322753429413 0.431322753429413 0.431322753429413 0.431322753429413 0.431322753429413 0.431322753429413 0.431322753429413 0.431322753429413 0.431322753429413 0.431322753429413 0.431322753429413 0.431322753429413 0.431322753429413 0.431322753429413 0.431322753429413 0.431322753429413 0.431322753429413 0.431322753429413
0.431322753429413 0.431322753429413 0.431322753429413 0.431322753429413 0.431322753429413 0.431322753429413 0.431322753429413 0.431322753429413 0.431322753429413 0.431322753429413 0.431322753429413 0.431322753429413 0.431322753429413 0.431322753429413 0.431322753429413 0.431322753429413 0.431322753429413 0.431322753429413 0.431322753429413 0.431322753429413 0.431322753429413 0.431322753429413 0.431322753429413 0.431322753429413 0.431322753429413
0.431322753429413 0.431322753429413 0.431322753429413 0.431322753429413 0.431322753429413 0.431322753429413 0.431322753429413 0.431322753429413 0.431322753429413 0.431322753429413 0.431322753429413 0.431322753429413 0.431322753429413 0.431322753429413 0.431322753429413 0.431322753429413 0.431322753429413 0.431322753429413 0.431322753429413 0.431322753429413 0.431322753429413 0.431322753429413 0.431322753429413 0.431322753429413 0.431322753429413
