0.552634835243225 0.431322753429413 0.431322753429413 0.431322753429413 0.431322753429413 0.431322753429413 0.431322753429413 0.431322753429413 0.431322753429413 0.431322753429413 0.431322753429413 0.431322753429413 0.431322753429413 0.431322753429413 0.431322753429413 0.431322753429413 0.431322753429413 0.431322753429413 0.431322753429413 0.431322753429413 0.431322753429413 0.431322753429413 0.431322753429413 0.431322753429413 0.431322753429413
0.431322753429413 0.477571547031403 0.431322753429413 0.431322753429413 0.431322753429413 0.431322753429413 0.431322753429413 0.431322753429413 0.431322753429413 0.431322753429413 0.431322753429413 0.431322753429413 0.431322753429413 0.431322753429413 0.431322753429413 0.431322753429413 0.431322753429413 0.431322753429413 0.431322753429413 0.431322753429413 0.431322753429413 0.431322753429413 0.431322753429413 0.431322753429413 0.431322753429413
0.431322753429413 0.431322753429413 0.483329802751541 0.431322753429413 0.431322753429413 0.431322753429413 0.431322753429413 0.431322753429413 0.431322753429413 0.431322753429413 0.431322753429413 0.431322753429413 0.431322753429413 0.431322753429413 0.431322753429413 0.431322753429413 0.431322753429413 0.431322753429413 0.431322753429413 0.431322753429413 0.431322753429413 0.431322753429413 0.431322753429413 0.431322753429413 0.431322753429413
0.431322753429413 0.431322753429413 0.431322753429413 0.158794432878494 0.431322753429413 0.431322753429413 0.431322753429413 0.431322753429413 0.431322753429413 0.431322753429413 0.431322753429413 0.431322753429413 0.431322753429413 0.431322753429413 0.431322753429413 0.431322753429413 0.431322753429413 0.431322753429413 0.431322753429413 0.431322753429413 0.431322753429413 0.431322753429413 0.431322753429413 0.431322753429413 0.431322753429413
0.431322753429413 0.431322753429413 0.431322753429413 0.431322753429413 0.170318529009819 0.431322753429413 0.431322753429413 0.431322753429413 0.431322753429413 0.431322753429413 0.431322753429413 0.431322753429413 0.431322753429413 0.431322753429413 0.431322753429413 0.431322753429413 0.431322753429413 0.431322753429413 0.431322753429413 0.431322753429413 0.431322753429413 0.431322753429413 0.431322753429413 0.431322753429413 0.431322753429413
0.431322753429413 0.431322753429413 0.431322753429413 0.431322753429413 0.431322753429413 0.109115257859230 0.431322753429413 0.431322753429413 0.431322753429413 0.431322753429413 0.431322753429413 0.431322753429413 0.431322753429413 0.431322753429413 0.431322753429413 0.431322753429413 0.431322753429413 0.431322753429413 0.431322753429413 0.431322753429413 0.431322753429413 0.431322753429413 0.431322753429413 0.431322753429413 0.431322753429413
0.431322753429413 0.431322753429413 0.431322753429413 0.431322753429413 0.431322753429413 0.431322753429413 -0.097103804349899 0.431322753429413 0.431322753429413 0.431322753429413 0.431322753429413 0.431322753429413 0.431322753429413 0.431322753429413 0.431322753429413 0.431322753429413 0.431322753429413 0.431322753429413 0.431322753429413 0.431322753429413 0.431322753429413 0.431322753429413 0.431322753429413 0.431322753429413 0.431322753429413
0.431322753429413 0.431322753429413 0.431322753429413 0.431322753429413 0.431322753429413 0.431322753429413 0.431322753429413 -0.111523441970348 0.431322753429413 0.431322753429413 0.431322753429413 0.431322753429413 0.431322753429413 0.431322753429413 0.431322753429413 0.431322753429413 0.431322753429413 0.431322753429413 0.431322753429413 0.431322753429413 0.431322753429413 0.431322753429413 0.431322753429413 0.431322753429413 0.431322753429413
0.431322753429413 0.431322753429413 0.431322753429413 0.431322753429413 0.431322753429413 0.431322753429413 0.431322753429413 0.431322753429413 0.766030251979828 0.431322753429413 0.431322753429413 0.431322753429413 0.431322753429413 0.431322753429413 0.431322753429413 0.431322753429413 0.431322753429413 0.431322753429413 0.431322753429413 0.431322753429413 0.431322753429413 0.431322753429413 0.431322753429413 0.431322753429413 0.431322753429413
0.431322753429413 0.431322753429413 0.431322753429413 0.431322753429413 0.431322753429413 0.431322753429413 0.431322753429413 0.431322753429413 0.431322753429413 1.220146775245667 0.431322753429413 0.431322753429413 0.431322753429413 0.431322753429413 0.431322753429413 0.431322753429413 0.431322753429413 0.431322753429413 0.431322753429413 0.431322753429413 0.431322753429413 0.431322753429413 0.431322753429413 0.431322753429413 0.431322753429413
0.431322753429413 0.431322753429413 0.431322753429413 0.431322753429413 0.431322753429413 0.431322753429413 0.431322753429413 0.431322753429413 0.431322753429413 0.431322753429413 0.618903696537018 0.431322753429413 0.431322753429413 0.431322753429413 0.431322753429413 0.431322753429413 0.431322753429413 0.431322753429413 0.431322753429413 0.431322753429413 0.431322753429413 0.431322753429413 0.431322753429413 0.431322753429413 0.431322753429413
0.431322753429413 0.431322753429413 0.431322753429413 0.431322753429413 0.431322753429413 0.431322753429413 0.431322753429413 0.431322753429413 0.431322753429413 0.431322753429413 0.431322753429413 0.553917884826660 0.431322753429413 0.431322753429413 0.431322753429413 0.431322753429413 0.431322753429413 0.431322753429413 0.431322753429413 0.431322753429413 0.431322753429413 0.431322753429413 0.431322753429413 0.431322753429413 0.431322753429413
0.431322753429413 0.431322753429413 0.431322753429413 0.431322753429413 0.431322753429413 0.431322753429413 0.431322753429413 0.431322753429413 0.431322753429413 0.431322753429413 0.431322753429413 0.431322753429413 0.427492707967758 0.431322753429413 0.431322753429413 0.431322753429413 0.431322753429413 0.431322753429413 0.431322753429413 0.431322753429413 0.431322753429413 0.431322753429413 0.431322753429413 0.431322753429413 0.431322753429413
0.431322753429413 0.431322753429413 0.431322753429413 0.431322753429413 0.431322753429413 0.431322753429413 0.431322753429413 0.431322753429413 0.431322753429413 0.431322753429413 0.431322753429413 0.431322753429413 0.431322753429413 0.390790402889252 0.431322753429413 0.431322753429413 0.431322753429413 0.431322753429413 0.431322753429413 0.431322753429413 0.431322753429413 0.431322753429413 0.431322753429413 0.431322753429413 0.431322753429413
0.431322753429413 0.431322753429413 0.431322753429413 0.431322753429413 0.431322753429413 0.431322753429413 0.431322753429413 0.431322753429413 0.431322753429413 0.431322753429413 0.431322753429413 0.431322753429413 0.431322753429413 0.431322753429413 0.572476983070374 0.431322753429413 0.431322753429413 0.431322753429413 0.431322753429413 0.431322753429413 0.431322753429413 0.431322753429413 0.431322753429413 0.431322753429413 0.431322753429413
0.431322753429413 0.431322753429413 0.431322753429413 0.431322753429413 0.431322753429413 0.431322753429413 0.431322753429413 0.431322753429413 0.431322753429413 0.431322753429413 0.431322753429413 0.431322753429413 0.431322753429413 0.431322753429413 0.431322753429413 0.187592893838882 0.431322753429413 0.431322753429413 0.431322753429413 0.431322753429413 0.431322753429413 0.431322753429413 0.431322753429413 0.431322753429413 0.431322753429413
0.431322753429413 0.431322753429413 0.431322753429413 0.431322753429413 0.431322753429413 0.431322753429413 0.431322753429413 0.431322753429413 0.431322753429413 0.431322753429413 0.431322753429413 0.431322753429413 0.431322753429413 0.431322753429413 0.431322753429413 0.431322753429413 0.410474300384521 0.431322753429413 0.431322753429413 0.431322753429413 0.431322753429413 0.431322753429413 0.431322753429413 0.431322753429413 0.431322753429413
0.431322753429413 0.431322753429413 0.431322753429413 0.431322753429413 0.431322753429413 0.431322753429413 0.431322753429413 0.431322753429413 0.431322753429413 0.431322753429413 0.431322753429413 0.431322753429413 0.431322753429413 0.431322753429413 0.431322753429413 0.431322753429413 0.431322753429413 0.381814211606979 0.431322753429413 0.431322753429413 0.431322753429413 0.431322753429413 0.431322753429413 0.431322753429413 0.431322753429413
0.431322753429413 0.431322753429413 0.431322753429413 0.431322753429413 0.431322753429413 0.431322753429413 0.431322753429413 0.431322753429413 0.431322753429413 0.431322753429413 0.431322753429413 0.431322753429413 0.431322753429413 0.431322753429413 0.431322753429413 0.431322753429413 0.431322753429413 0.431322753429413 0.538942456245422 0.431322753429413 0.431322753429413 0.431322753429413 0.431322753429413 0.431322753429413 0.431322753429413
0.431322753429413 0.431322753429413 0.431322753429413 0.431322753429413 0.431322753429413 0.431322753429413 0.431322753429413 0.431322753429413 0.431322753429413 0.431322753429413 0.431322753429413 0.431322753429413 0.431322753429413 0.431322753429413 0.431322753429413 0.431322753429413 0.431322753429413 0.431322753429413 0.431322753429413 0.207562476396561 0.431322753429413 0.431322753429413 0.431322753429413 0.431322753429413 0.431322753429413
0.431322753429413 0.431322753429413 0.431322753429413 0.431322753429413 0.431322753429413 0.431322753429413 0.431322753429413 0.431322753429413 0.431322753429413 0.431322753429413 0.431322753429413 0.431322753429413 0.431322753429413 0.431322753429413 0.431322753429413 0.431322753429413 0.431322753429413 0.431322753429413 0.431322753429413 0.431322753429413 0.735511004924774 0.431322753429413 0.431322753429413 0.431322753429413 0.431322753429413
0.431322753429413 0.431322753429413 0.431322753429413 0.431322753429413 0.431322753429413 0.431322753429413 0.431322753429413 0.431322753429413 0.431322753429413 0.431322753429413 0.431322753429413 0.431322753429413 0.431322753429413 0.431322753429413 0.431322753429413 0.431322753429413 0.431322753429413 0.431322753429413 0.431322753429413 0.431322753429413 0.431322753429413 0.021740613505244 0.431322753429413 0.431322753429413 0.431322753429413
0.431322753429413 0.431322753429413 0.431322753429413 0.431322753429413 0.431322753429413 0.431322753429413 0.431322753429413 0.431322753429413 0.431322753429413 0.431322753429413 0.431322753429413 0.431322753429413 0.431322753429413 0.431322753429413 0.431322753429413 0.431322753429413 0.431322753429413 0.431322753429413 0.431322753429413 0.431322753429413 0.431322753429413 0.431322753429413 -0.030296582728624 0.431322753429413 0.431322753429413
0.431322753429413 0.431322753429413 0.431322753429413 0.431322753429413 0.431322753429413 0.431322753429413 0.431322753429413 0.431322753429413 0.431322753429413 0.431322753429413 0.431322753429413 0.431322753429413 0.431322753429413 0.431322753429413 0.431322753429413 0.431322753429413 0.431322753429413 0.431322753429413 0.431322753429413 0.431322753429413 0.431322753429413 0.431322753429413 0.431322753429413 0.260972917079926 0.431322753429413
0.431322753429413 0.431322753429413 0.431322753429413 0.431322753429413 0.431322753429413 0.431322753429413 0.431322753429413 0.431322753429413 0.431322753429413 0.431322753429413 0.431322753429413 0.431322753429413 0.431322753429413 0.431322753429413 0.431322753429413 0.431322753429413 0.431322753429413 0.431322753429413 0.431322753429413 0.431322753429413 0.431322753429413 0.431322753429413 0.431322753429413 0.431322753429413 0.574699342250824
0.431322753429413 0.715922951698303 0.431322753429413 0.431322753429413 0.431322753429413 0.431322753429413 0.431322753429413 0.431322753429413 0.431322753429413 0.431322753429413 0.431322753429413 0.431322753429413 0.585404157638550 0.431322753429413 0.431322753429413 0.431322753429413 0.553295731544495 0.431322753429413 0.431322753429413 0.431322753429413 0.431322753429413 0.431322753429413 0.431322753429413 0.431322753429413 0.431322753429413
0.431322753429413 0.431322753429413 0.431322753429413 0.431322753429413 0.431322753429413 0.431322753429413 0.431322753429413 0.431322753429413 0.431322753429413 0.431322753429413 0.431322753429413 0.431322753429413 0.431322753429413 0.431322753429413 0.431322753429413 0.431322753429413 0.431322753429413 0.431322753429413 0.431322753429413 0.431322753429413 -0.359749376773834 0.431322753429413 0.431322753429413 0.431322753429413 0.431322753429413
0.431322753429413 0.431322753429413 0.431322753429413 0.431322753429413 0.431322753429413 0.431322753429413 0.431322753429413 0.431322753429413 0.431322753429413 0.431322753429413 0.431322753429413 0.431322753429413 0.431322753429413 0.431322753429413 0.431322753429413 0.431322753429413 0.431322753429413 0.431322753429413 0.431322753429413 0.431322753429413 -0.407409131526947 0.431322753429413 0.431322753429413 0.431322753429413 0.431322753429413
0.431322753429413 0.431322753429413 0.037181481719017 0.431322753429413 0.431322753429413 0.431322753429413 0.431322753429413 0.431322753429413 0.431322753429413 0.431322753429413 0.431322753429413 0.431322753429413 0.431322753429413 0.431322753429413 0.431322753429413 0.431322753429413 0.431322753429413 0.431322753429413 0.431322753429413 0.431322753429413 0.431322753429413 0.431322753429413 0.431322753429413 0.431322753429413 0.431322753429413
0.431322753429413 0.431322753429413 0.431322753429413 0.431322753429413 0.431322753429413 0.431322753429413 0.431322753429413 0.431322753429413 0.431322753429413 0.431322753429413 0.431322753429413 0.431322753429413 0.431322753429413 0.431322753429413 0.431322753429413 0.431322753429413 0.431322753429413 0.431322753429413 0.431322753429413 0.431322753429413 0.946212053298950 0.431322753429413 0.431322753429413 0.431322753429413 0.431322753429413
0.431322753429413 0.431322753429413 0.431322753429413 0.431322753429413 1.018954753875732 0.431322753429413 0.898442029953003 0.431322753429413 0.431322753429413 0.431322753429413 0.431322753429413 0.431322753429413 0.431322753429413 0.431322753429413 0.431322753429413 0.431322753429413 0.431322753429413 0.431322753429413 0.431322753429413 0.431322753429413 0.431322753429413 0.431322753429413 0.431322753429413 0.431322753429413 0.431322753429413
0.431322753429413 0.431322753429413 0.431322753429413 0.431322753429413 0.431322753429413 0.681815445423126 0.431322753429413 0.510333240032196 0.431322753429413 0.431322753429413 0.431322753429413 0.431322753429413 0.431322753429413 0.431322753429413 0.431322753429413 0.431322753429413 0.431322753429413 0.431322753429413 0.431322753429413 0.431322753429413 0.431322753429413 0.431322753429413 0.431322753429413 0.431322753429413 0.431322753429413
0.431322753429413 0.431322753429413 0.431322753429413 0.431322753429413 0.431322753429413 0.431322753429413 0.285748213529587 0.431322753429413 0.431322753429413 0.431322753429413 0.431322753429413 0.431322753429413 0.431322753429413 0.431322753429413 0.431322753429413 0.431322753429413 0.431322753429413 0.431322753429413 0.431322753429413 0.431322753429413 0.431322753429413 0.431322753429413 0.588358342647552 0.431322753429413 0.431322753429413
0.431322753429413 0.431322753429413 0.431322753429413 0.431322753429413 0.431322753429413 0.431322753429413 0.431322753429413 0.431322753429413 0.431322753429413 0.431322753429413 0.431322753429413 0.431322753429413 0.431322753429413 0.431322753429413 0.431322753429413 0.431322753429413 0.431322753429413 0.431322753429413 0.431322753429413 0.431322753429413 0.892143249511719 0.431322753429413 0.431322753429413 0.431322753429413 0.431322753429413
0.431322753429413 0.431322753429413 0.431322753429413 0.431322753429413 0.431322753429413 0.431322753429413 0.431322753429413 0.431322753429413 0.758096933364868 0.431322753429413 0.712356209754944 0.431322753429413 0.431322753429413 0.431322753429413 0.431322753429413 0.431322753429413 0.431322753429413 0.431322753429413 0.431322753429413 0.431322753429413 0.431322753429413 0.431322753429413 0.431322753429413 0.431322753429413 0.431322753429413
0.431322753429413 0.431322753429413 0.431322753429413 0.431322753429413 0.431322753429413 0.431322753429413 0.431322753429413 0.431322753429413 0.431322753429413 0.431761592626572 0.431322753429413 0.367746859788895 0.431322753429413 0.431322753429413 0.431322753429413 0.431322753429413 0.431322753429413 0.431322753429413 0.431322753429413 0.431322753429413 0.431322753429413 0.431322753429413 0.431322753429413 0.431322753429413 0.431322753429413
0.431322753429413 0.431322753429413 0.431322753429413 0.431322753429413 0.431322753429413 0.431322753429413 0.431322753429413 0.431322753429413 0.431322753429413 0.431322753429413 0.122035704553127 0.431322753429413 0.431322753429413 0.431322753429413 0.431322753429413 0.431322753429413 0.431322753429413 0.431322753429413 0.431322753429413 0.431322753429413 0.431322753429413 0.431322753429413 0.431322753429413 0.431322753429413 0.411108464002609
0.437667906284332 0.431322753429413 0.431322753429413 0.431322753429413 0.431322753429413 0.431322753429413 0.431322753429413 0.431322753429413 0.431322753429413 0.431322753429413 0.431322753429413 0.431322753429413 0.431322753429413 0.260012179613113 0.431322753429413 0.431322753429413 0.431322753429413 0.431322753429413 0.431322753429413 0.431322753429413 0.431322753429413 0.431322753429413 0.431322753429413 0.431322753429413 0.431322753429413
0.431322753429413 0.431322753429413 0.431322753429413 0.431322753429413 0.431322753429413 0.431322753429413 0.431322753429413 0.431322753429413 0.431322753429413 0.431322753429413 0.431322753429413 0.431322753429413 0.165856704115868 0.431322753429413 0.294905930757523 0.431322753429413 0.431322753429413 0.431322753429413 0.431322753429413 0.431322753429413 0.431322753429413 0.431322753429413 0.431322753429413 0.431322753429413 0.431322753429413
0.431322753429413 0.431322753429413 0.431322753429413 0.431322753429413 0.431322753429413 0.431322753429413 0.431322753429413 0.431322753429413 0.431322753429413 0.431322753429413 0.431322753429413 0.431322753429413 0.431322753429413 0.246800288558006 0.431322753429413 0.229473799467087 0.431322753429413 0.431322753429413 0.431322753429413 0.431322753429413 0.431322753429413 0.431322753429413 0.431322753429413 0.431322753429413 0.431322753429413
0.431322753429413 0.431322753429413 0.431322753429413 0.431322753429413 0.431322753429413 0.431322753429413 0.431322753429413 0.431322753429413 0.431322753429413 0.431322753429413 0.431322753429413 0.431322753429413 0.431322753429413 0.431322753429413 0.052590105682611 0.431322753429413 0.431322753429413 0.431322753429413 0.431322753429413 0.431322753429413 0.431322753429413 0.431322753429413 0.431322753429413 0.431322753429413 0.431322753429413
0.593193709850311 0.431322753429413 0.431322753429413 0.431322753429413 0.431322753429413 0.431322753429413 0.431322753429413 0.431322753429413 0.431322753429413 0.431322753429413 0.431322753429413 0.431322753429413 0.431322753429413 0.431322753429413 0.431322753429413 0.431322753429413 0.431322753429413 0.306758522987366 0.431322753429413 0.431322753429413 0.431322753429413 0.431322753429413 0.431322753429413 0.431322753429413 0.431322753429413
0.431322753429413 0.431322753429413 0.431322753429413 0.431322753429413 0.431322753429413 0.431322753429413 0.431322753429413 0.431322753429413 0.431322753429413 0.431322753429413 0.431322753429413 0.431322753429413 0.431322753429413 0.431322753429413 0.431322753429413 0.431322753429413 0.218820482492447 0.431322753429413 0.247661426663399 0.431322753429413 0.431322753429413 0.431322753429413 0.431322753429413 0.431322753429413 0.431322753429413
0.431322753429413 0.431322753429413 0.431322753429413 0.431322753429413 0.431322753429413 0.431322753429413 0.431322753429413 0.431322753429413 0.431322753429413 0.431322753429413 0.431322753429413 0.431322753429413 0.431322753429413 0.431322753429413 0.431322753429413 0.431322753429413 0.431322753429413 0.227051451802254 0.431322753429413 0.201574757695198 0.431322753429413 0.431322753429413 0.431322753429413 0.431322753429413 0.431322753429413
0.431322753429413 0.431322753429413 0.431322753429413 0.431322753429413 0.431322753429413 0.431322753429413 0.431322753429413 0.431322753429413 0.431322753429413 0.431322753429413 0.431322753429413 0.431322753429413 0.431322753429413 0.431322753429413 0.431322753429413 0.431322753429413 0.431322753429413 0.431322753429413 0.045797690749168 0.431322753429413 0.431322753429413 0.431322753429413 0.431322753429413 0.431322753429413 0.431322753429413
0.431322753429413 0.431322753429413 0.431322753429413 0.431322753429413 0.431322753429413 0.431322753429413 0.431322753429413 0.431322753429413 0.431322753429413 0.431322753429413 0.431322753429413 0.431322753429413 0.431322753429413 0.431322753429413 0.431322753429413 0.431322753429413 0.431322753429413 0.431322753429413 0.431322753429413 0.431322753429413 0.431322753429413 0.431322753429413 0.431322753429413 0.431322753429413 0.431322753429413
0.431322753429413 0.431322753429413 0.431322753429413 0.431322753429413 0.431322753429413 0.431322753429413 0.431322753429413 0.431322753429413 0.431322753429413 0.431322753429413 0.431322753429413 0.431322753429413 0.431322753429413 0.431322753429413 0.431322753429413 0.431322753429413 0.431322753429413 0.431322753429413 0.431322753429413 0.431322753429413 0.431322753429413 0.431322753429413 0.432051748037338 0.431322753429413 0.431322753429413
0.431322753429413 0.431322753429413 0.431322753429413 0.431322753429413 0.431322753429413 0.431322753429413 0.431322753429413 0.493073701858521 0.431322753429413 0.431322753429413 0.431322753429413 0.431322753429413 0.431322753429413 0.431322753429413 0.431322753429413 0.431322753429413 0.431322753429413 0.431322753429413 0.431322753429413 0.431322753429413 0.431322753429413 0.427902877330780 0.431322753429413 0.431322753429413 0.431322753429413
0.431322753429413 0.431322753429413 0.431322753429413 0.431322753429413 0.431322753429413 0.431322753429413 0.431322753429413 0.431322753429413 0.431322753429413 0.431322753429413 0.431322753429413 0.431322753429413 0.431322753429413 0.431322753429413 0.431322753429413 0.431322753429413 0.431322753429413 0.431322753429413 0.431322753429413 0.431322753429413 0.431322753429413 0.431322753429413 0.431322753429413 0.431322753429413 0.148167505860329
0.431322753429413 0.431322753429413 0.431322753429413 0.431322753429413 0.431322753429413 0.431322753429413 0.431322753429413 0.431322753429413 0.431322753429413 0.431322753429413 0.431322753429413 0.255366683006287 0.431322753429413 0.431322753429413 0.431322753429413 0.431322753429413 0.431322753429413 0.431322753429413 0.431322753429413 0.431322753429413 0.431322753429413 0.431322753429413 0.431322753429413 0.260545432567596 0.431322753429413
0.431322753429413 0.431322753429413 0.431322753429413 0.431322753429413 0.431322753429413 0.431322753429413 0.431322753429413 0.431322753429413 0.431322753429413 0.431322753429413 0.431322753429413 0.431322753429413 0.431322753429413 0.431322753429413 0.431322753429413 0.431322753429413 0.431322753429413 0.431322753429413 0.431322753429413 0.431322753429413 0.431322753429413 0.431322753429413 0.431322753429413 0.431322753429413 0.431322753429413
1.158467531204224 0.431322753429413 0.431322753429413 0.431322753429413 0.431322753429413 0.431322753429413 0.431322753429413 0.431322753429413 0.431322753429413 0.431322753429413 0.431322753429413 0.431322753429413 0.431322753429413 0.431322753429413 0.431322753429413 0.431322753429413 0.431322753429413 0.431322753429413 0.431322753429413 0.431322753429413 0.431322753429413 0.431322753429413 0.431322753429413 0.431322753429413 0.431322753429413
0.431322753429413 0.431322753429413 0.431322753429413 0.577338516712189 0.431322753429413 0.431322753429413 0.431322753429413 0.431322753429413 0.431322753429413 0.431322753429413 0.431322753429413 0.431322753429413 0.431322753429413 0.431322753429413 0.431322753429413 0.431322753429413 0.431322753429413 0.431322753429413 0.431322753429413 0.431322753429413 0.431322753429413 0.431322753429413 0.431322753429413 0.431322753429413 0.431322753429413
0.431322753429413 0.431322753429413 0.431322753429413 0.431322753429413 0.431322753429413 0.431322753429413 0.431322753429413 0.431322753429413 0.431322753429413 0.431322753429413 0.431322753429413 0.431322753429413 0.431322753429413 0.431322753429413 0.431322753429413 0.431322753429413 0.431322753429413 0.431322753429413 0.431322753429413 0.431322753429413 0.431322753429413 0.431322753429413 0.431322753429413 0.431322753429413 0.431322753429413
0.431322753429413 0.431322753429413 0.431322753429413 0.431322753429413 0.431322753429413 0.666613698005676 0.431322753429413 0.431322753429413 0.431322753429413 0.431322753429413 0.431322753429413 0.431322753429413 0.431322753429413 0.431322753429413 0.431322753429413 0.431322753429413 0.431322753429413 0.431322753429413 0.431322753429413 0.431322753429413 0.431322753429413 0.431322753429413 0.431322753429413 0.431322753429413 0.431322753429413
0.431322753429413 0.431322753429413 0.431322753429413 0.431322753429413 0.431322753429413 0.431322753429413 0.431322753429413 0.431322753429413 0.431322753429413 0.431322753429413 0.431322753429413 0.431322753429413 0.431322753429413 0.431322753429413 0.431322753429413 0.431322753429413 0.431322753429413 0.431322753429413 0.431322753429413 0.431322753429413 0.431322753429413 0.431322753429413 0.431322753429413 0.431322753429413 0.431322753429413
0.431322753429413 0.431322753429413 0.431322753429413 0.431322753429413 0.431322753429413 0.431322753429413 0.431322753429413 0.431322753429413 0.431322753429413 0.431322753429413 0.431322753429413 0.431322753429413 0.431322753429413 0.431322753429413 0.431322753429413 0.431322753429413 0.431322753429413 0.431322753429413 0.431322753429413 0.431322753429413 0.431322753429413 0.431322753429413 0.431322753429413 0.431322753429413 0.431322753429413
0.431322753429413 0.431322753429413 0.431322753429413 0.431322753429413 0.431322753429413 0.431322753429413 0.431322753429413 0.431322753429413 0.431322753429413 0.431322753429413 0.431322753429413 0.431322753429413 0.431322753429413 0.431322753429413 0.431322753429413 0.431322753429413 0.431322753429413 0.431322753429413 0.431322753429413 0.431322753429413 0.431322753429413 0.431322753429413 0.431322753429413 0.431322753429413 0.431322753429413
0.431322753429413 0.431322753429413 0.431322753429413 0.431322753429413 0.431322753429413 0.431322753429413 0.431322753429413 0.431322753429413 0.431322753429413 0.313618272542953 0.431322753429413 0.431322753429413 0.431322753429413 0.431322753429413 0.431322753429413 0.431322753429413 0.431322753429413 0.431322753429413 0.431322753429413 0.431322753429413 0.431322753429413 0.431322753429413 0.431322753429413 0.431322753429413 0.431322753429413
0.431322753429413 0.431322753429413 0.431322753429413 0.431322753429413 0.431322753429413 0.431322753429413 0.431322753429413 0.431322753429413 0.431322753429413 0.431322753429413 0.431322753429413 0.431322753429413 0.431322753429413 0.431322753429413 0.431322753429413 0.431322753429413 0.431322753429413 0.431322753429413 0.431322753429413 0.431322753429413 0.431322753429413 0.431322753429413 0.431322753429413 0.431322753429413 0.431322753429413
0.431322753429413 0.431322753429413 0.431322753429413 0.431322753429413 0.431322753429413 0.431322753429413 0.431322753429413 0.431322753429413 0.431322753429413 0.431322753429413 0.431322753429413 0.431322753429413 0.431322753429413 0.431322753429413 0.431322753429413 0.431322753429413 0.431322753429413 0.431322753429413 0.431322753429413 0.431322753429413 0.431322753429413 0.431322753429413 0.431322753429413 0.431322753429413 0.431322753429413
0.431322753429413 0.431322753429413 0.431322753429413 0.431322753429413 0.431322753429413 0.431322753429413 0.431322753429413 0.431322753429413 0.431322753429413 0.431322753429413 0.431322753429413 0.431322753429413 0.431322753429413 0.431322753429413 0.431322753429413 0.431322753429413 0.431322753429413 0.431322753429413 0.431322753429413 0.431322753429413 0.431322753429413 0.431322753429413 0.431322753429413 0.431322753429413 0.431322753429413
0.431322753429413 0.431322753429413 0.431322753429413 0.431322753429413 0.431322753429413 0.431322753429413 0.431322753429413 0.431322753429413 0.431322753429413 0.431322753429413 0.431322753429413 0.431322753429413 0.431322753429413 0.431322753429413 0.431322753429413 0.431322753429413 0.431322753429413 0.431322753429413 0.431322753429413 0.431322753429413 0.431322753429413 0.431322753429413 0.431322753429413 0.431322753429413 0.431322753429413
0.431322753429413 0.431322753429413 0.431322753429413 0.431322753429413 0.431322753429413 0.431322753429413 0.431322753429413 0.431322753429413 0.431322753429413 0.431322753429413 0.431322753429413 0.431322753429413 0.431322753429413 0.431322753429413 0.431322753429413 0.431322753429413 0.431322753429413 0.431322753429413 0.431322753429413 0.431322753429413 0.431322753429413 0.431322753429413 0.431322753429413 0.431322753429413 0.431322753429413
0.431322753429413 0.431322753429413 0.431322753429413 0.431322753429413 0.431322753429413 0.431322753429413 0.431322753429413 0.431322753429413 0.431322753429413 0.431322753429413 0.431322753429413 0.431322753429413 0.431322753429413 0.431322753429413 0.431322753429413 0.431322753429413 0.431322753429413 0.431322753429413 0.431322753429413 0.431322753429413 0.431322753429413 0.431322753429413 0.431322753429413 0.431322753429413 0.431322753429413
0.431322753429413 0.431322753429413 0.431322753429413 0.431322753429413 0.431322753429413 0.431322753429413 0.431322753429413 0.431322753429413 0.431322753429413 0.431322753429413 0.431322753429413 0.431322753429413 0.431322753429413 0.431322753429413 0.431322753429413 0.431322753429413 0.431322753429413 0.431322753429413 0.431322753429413 0.431322753429413 0.431322753429413 0.431322753429413 0.431322753429413 0.431322753429413 0.431322753429413
0.431322753429413 0.431322753429413 0.431322753429413 0.431322753429413 0.431322753429413 0.431322753429413 0.431322753429413 0.431322753429413 0.431322753429413 0.431322753429413 0.431322753429413 0.431322753429413 0.431322753429413 0.431322753429413 0.431322753429413 0.431322753429413 0.431322753429413 0.431322753429413 0.431322753429413 0.431322753429413 0.431322753429413 0.431322753429413 0.431322753429413 0.431322753429413 0.431322753429413
0.431322753429413 0.431322753429413 0.431322753429413 0.431322753429413 0.431322753429413 0.431322753429413 0.431322753429413 0.431322753429413 0.431322753429413 0.431322753429413 0.431322753429413 0.431322753429413 0.431322753429413 0.431322753429413 0.431322753429413 0.431322753429413 0.431322753429413 0.431322753429413 0.431322753429413 0.431322753429413 0.431322753429413 0.431322753429413 0.431322753429413 0.431322753429413 0.431322753429413
0.431322753429413 0.431322753429413 0.431322753429413 0.431322753429413 0.431322753429413 0.431322753429413 0.431322753429413 0.431322753429413 0.431322753429413 0.431322753429413 0.431322753429413 0.431322753429413 0.431322753429413 0.431322753429413 0.431322753429413 0.431322753429413 0.431322753429413 0.431322753429413 0.431322753429413 0.431322753429413 0.431322753429413 0.431322753429413 0.431322753429413 0.431322753429413 0.431322753429413
0.431322753429413 0.431322753429413 0.431322753429413 0.431322753429413 0.431322753429413 0.431322753429413 0.431322753429413 0.431322753429413 0.431322753429413 0.431322753429413 0.431322753429413 0.431322753429413 0.431322753429413 0.431322753429413 0.431322753429413 0.431322753429413 0.431322753429413 0.431322753429413 0.431322753429413 0.431322753429413 0.431322753429413 0.431322753429413 0.431322753429413 0.431322753429413 0.431322753429413
0.431322753429413 1.010239601135254 0.853050410747528 0.431322753429413 1.104008316993713 0.431322753429413 0.431322753429413 0.431322753429413 1.063574552536011 0.431322753429413 0.431322753429413 0.431322753429413 0.431322753429413 0.431322753429413 0.431322753429413 0.431322753429413 0.431322753429413 0.431322753429413 0.431322753429413 0.431322753429413 0.431322753429413 0.431322753429413 0.431322753429413 0.431322753429413 0.431322753429413
0.431322753429413 0.431322753429413 0.431322753429413 0.431322753429413 0.431322753429413 0.431322753429413 0.431322753429413 0.431322753429413 0.431322753429413 0.431322753429413 0.431322753429413 0.431322753429413 0.431322753429413 0.431322753429413 0.431322753429413 0.431322753429413 0.431322753429413 0.431322753429413 0.431322753429413 0.431322753429413 0.431322753429413 0.431322753429413 0.431322753429413 0.431322753429413 0.431322753429413
0.431322753429413 0.431322753429413 0.431322753429413 0.431322753429413 0.431322753429413 0.431322753429413 0.431322753429413 0.431322753429413 0.431322753429413 0.431322753429413 0.431322753429413 0.431322753429413 0.431322753429413 0.431322753429413 0.431322753429413 0.431322753429413 0.431322753429413 0.431322753429413 0.431322753429413 0.431322753429413 0.431322753429413 0.431322753429413 0.431322753429413 0.431322753429413 0.431322753429413
0.431322753429413 0.431322753429413 0.431322753429413 0.431322753429413 0.431322753429413 0.431322753429413 0.431322753429413 0.431322753429413 0.431322753429413 0.431322753429413 0.431322753429413 0.431322753429413 0.431322753429413 0.431322753429413 0.431322753429413 0.431322753429413 0.431322753429413 0.431322753429413 0.431322753429413 0.431322753429413 0.431322753429413 0.431322753429413 0.431322753429413 0.431322753429413 0.431322753429413
0.431322753429413 0.431322753429413 0.431322753429413 0.431322753429413 0.431322753429413 0.431322753429413 0.431322753429413 0.431322753429413 0.431322753429413 0.431322753429413 0.431322753429413 0.431322753429413 0.431322753429413 0.431322753429413 0.431322753429413 0.431322753429413 0.431322753429413 0.431322753429413 0.431322753429413 0.431322753429413 0.431322753429413 0.431322753429413 0.431322753429413 0.431322753429413 0.431322753429413
