0.551833748817444 0.431322753429413 0.431322753429413 0.431322753429413 0.431322753429413 0.431322753429413 0.431322753429413 0.431322753429413 0.431322753429413 0.431322753429413 0.431322753429413 0.431322753429413 0.431322753429413 0.431322753429413 0.431322753429413 0.431322753429413 0.431322753429413 0.431322753429413 0.431322753429413 0.431322753429413 0.431322753429413 0.431322753429413 0.431322753429413 0.431322753429413 0.431322753429413
0.431322753429413 0.743625640869141 0.431322753429413 0.431322753429413 0.431322753429413 0.431322753429413 0.431322753429413 0.431322753429413 0.431322753429413 0.431322753429413 0.431322753429413 0.431322753429413 0.431322753429413 0.431322753429413 0.431322753429413 0.431322753429413 0.431322753429413 0.431322753429413 0.431322753429413 0.431322753429413 0.431322753429413 0.431322753429413 0.431322753429413 0.431322753429413 0.431322753429413
0.431322753429413 0.431322753429413 0.773315370082855 0.431322753429413 0.431322753429413 0.431322753429413 0.431322753429413 0.431322753429413 0.431322753429413 0.431322753429413 0.431322753429413 0.431322753429413 0.431322753429413 0.431322753429413 0.431322753429413 0.431322753429413 0.431322753429413 0.431322753429413 0.431322753429413 0.431322753429413 0.431322753429413 0.431322753429413 0.431322753429413 0.431322753429413 0.431322753429413
0.431322753429413 0.431322753429413 0.431322753429413 0.279707789421082 0.431322753429413 0.431322753429413 0.431322753429413 0.431322753429413 0.431322753429413 0.431322753429413 0.431322753429413 0.431322753429413 0.431322753429413 0.431322753429413 0.431322753429413 0.431322753429413 0.431322753429413 0.431322753429413 0.431322753429413 0.431322753429413 0.431322753429413 0.431322753429413 0.431322753429413 0.431322753429413 0.431322753429413
0.431322753429413 0.431322753429413 0.431322753429413 0.431322753429413 0.457028716802597 0.431322753429413 0.431322753429413 0.431322753429413 0.431322753429413 0.431322753429413 0.431322753429413 0.431322753429413 0.431322753429413 0.431322753429413 0.431322753429413 0.431322753429413 0.431322753429413 0.431322753429413 0.431322753429413 0.431322753429413 0.431322753429413 0.431322753429413 0.431322753429413 0.431322753429413 0.431322753429413
0.431322753429413 0.431322753429413 0.431322753429413 0.431322753429413 0.431322753429413 -0.096332274377346 0.431322753429413 0.431322753429413 0.431322753429413 0.431322753429413 0.431322753429413 0.431322753429413 0.431322753429413 0.431322753429413 0.431322753429413 0.431322753429413 0.431322753429413 0.431322753429413 0.431322753429413 0.431322753429413 0.431322753429413 0.431322753429413 0.431322753429413 0.431322753429413 0.431322753429413
0.431322753429413 0.431322753429413 0.431322753429413 0.431322753429413 0.431322753429413 0.431322753429413 0.240150645375252 0.431322753429413 0.431322753429413 0.431322753429413 0.431322753429413 0.431322753429413 0.431322753429413 0.431322753429413 0.431322753429413 0.431322753429413 0.431322753429413 0.431322753429413 0.431322753429413 0.431322753429413 0.431322753429413 0.431322753429413 0.431322753429413 0.431322753429413 0.431322753429413
0.431322753429413 0.431322753429413 0.431322753429413 0.431322753429413 0.431322753429413 0.431322753429413 0.431322753429413 0.575923323631287 0.431322753429413 0.431322753429413 0.431322753429413 0.431322753429413 0.431322753429413 0.431322753429413 0.431322753429413 0.431322753429413 0.431322753429413 0.431322753429413 0.431322753429413 0.431322753429413 0.431322753429413 0.431322753429413 0.431322753429413 0.431322753429413 0.431322753429413
0.431322753429413 0.431322753429413 0.431322753429413 0.431322753429413 0.431322753429413 0.431322753429413 0.431322753429413 0.431322753429413 0.414465337991714 0.431322753429413 0.431322753429413 0.431322753429413 0.431322753429413 0.431322753429413 0.431322753429413 0.431322753429413 0.431322753429413 0.431322753429413 0.431322753429413 0.431322753429413 0.431322753429413 0.431322753429413 0.431322753429413 0.431322753429413 0.431322753429413
0.431322753429413 0.431322753429413 0.431322753429413 0.431322753429413 0.431322753429413 0.431322753429413 0.431322753429413 0.431322753429413 0.431322753429413 -0.230844467878342 0.431322753429413 0.431322753429413 0.431322753429413 0.431322753429413 0.431322753429413 0.431322753429413 0.431322753429413 0.431322753429413 0.431322753429413 0.431322753429413 0.431322753429413 0.431322753429413 0.431322753429413 0.431322753429413 0.431322753429413
0.431322753429413 0.431322753429413 0.431322753429413 0.431322753429413 0.431322753429413 0.431322753429413 0.431322753429413 0.431322753429413 0.431322753429413 0.431322753429413 0.291533172130585 0.431322753429413 0.431322753429413 0.431322753429413 0.431322753429413 0.431322753429413 0.431322753429413 0.431322753429413 0.431322753429413 0.431322753429413 0.431322753429413 0.431322753429413 0.431322753429413 0.431322753429413 0.431322753429413
0.431322753429413 0.431322753429413 0.431322753429413 0.431322753429413 0.431322753429413 0.431322753429413 0.431322753429413 0.431322753429413 0.431322753429413 0.431322753429413 0.431322753429413 0.672498941421509 0.431322753429413 0.431322753429413 0.431322753429413 0.431322753429413 0.431322753429413 0.431322753429413 0.431322753429413 0.431322753429413 0.431322753429413 0.431322753429413 0.431322753429413 0.431322753429413 0.431322753429413
0.431322753429413 0.431322753429413 0.431322753429413 0.431322753429413 0.431322753429413 0.431322753429413 0.431322753429413 0.431322753429413 0.431322753429413 0.431322753429413 0.431322753429413 0.431322753429413 0.409558206796646 0.431322753429413 0.431322753429413 0.431322753429413 0.431322753429413 0.431322753429413 0.431322753429413 0.431322753429413 0.431322753429413 0.431322753429413 0.431322753429413 0.431322753429413 0.431322753429413
0.431322753429413 0.431322753429413 0.431322753429413 0.431322753429413 0.431322753429413 0.431322753429413 0.431322753429413 0.431322753429413 0.431322753429413 0.431322753429413 0.431322753429413 0.431322753429413 0.431322753429413 0.459860265254974 0.431322753429413 0.431322753429413 0.431322753429413 0.431322753429413 0.431322753429413 0.431322753429413 0.431322753429413 0.431322753429413 0.431322753429413 0.431322753429413 0.431322753429413
0.431322753429413 0.431322753429413 0.431322753429413 0.431322753429413 0.431322753429413 0.431322753429413 0.431322753429413 0.431322753429413 0.431322753429413 0.431322753429413 0.431322753429413 0.431322753429413 0.431322753429413 0.431322753429413 0.430570542812347 0.431322753429413 0.431322753429413 0.431322753429413 0.431322753429413 0.431322753429413 0.431322753429413 0.431322753429413 0.431322753429413 0.431322753429413 0.431322753429413
0.431322753429413 0.431322753429413 0.431322753429413 0.431322753429413 0.431322753429413 0.431322753429413 0.431322753429413 0.431322753429413 0.431322753429413 0.431322753429413 0.431322753429413 0.431322753429413 0.431322753429413 0.431322753429413 0.431322753429413 0.666100621223450 0.431322753429413 0.431322753429413 0.431322753429413 0.431322753429413 0.431322753429413 0.431322753429413 0.431322753429413 0.431322753429413 0.431322753429413
0.431322753429413 0.431322753429413 0.431322753429413 0.431322753429413 0.431322753429413 0.431322753429413 0.431322753429413 0.431322753429413 0.431322753429413 0.431322753429413 0.431322753429413 0.431322753429413 0.431322753429413 0.431322753429413 0.431322753429413 0.431322753429413 0.417988121509552 0.431322753429413 0.431322753429413 0.431322753429413 0.431322753429413 0.431322753429413 0.431322753429413 0.431322753429413 0.431322753429413
0.431322753429413 0.431322753429413 0.431322753429413 0.431322753429413 0.431322753429413 0.431322753429413 0.431322753429413 0.431322753429413 0.431322753429413 0.431322753429413 0.431322753429413 0.431322753429413 0.431322753429413 0.431322753429413 0.431322753429413 0.431322753429413 0.431322753429413 0.710517346858978 0.431322753429413 0.431322753429413 0.431322753429413 0.431322753429413 0.431322753429413 0.431322753429413 0.431322753429413
0.431322753429413 0.431322753429413 0.431322753429413 0.431322753429413 0.431322753429413 0.431322753429413 0.431322753429413 0.431322753429413 0.431322753429413 0.431322753429413 0.431322753429413 0.431322753429413 0.431322753429413 0.431322753429413 0.431322753429413 0.431322753429413 0.431322753429413 0.431322753429413 0.430761992931366 0.431322753429413 0.431322753429413 0.431322753429413 0.431322753429413 0.431322753429413 0.431322753429413
0.431322753429413 0.431322753429413 0.431322753429413 0.431322753429413 0.431322753429413 0.431322753429413 0.431322753429413 0.431322753429413 0.431322753429413 0.431322753429413 0.431322753429413 0.431322753429413 0.431322753429413 0.431322753429413 0.431322753429413 0.431322753429413 0.431322753429413 0.431322753429413 0.431322753429413 0.692098259925842 0.431322753429413 0.431322753429413 0.431322753429413 0.431322753429413 0.431322753429413
0.431322753429413 0.431322753429413 0.431322753429413 0.431322753429413 0.431322753429413 0.431322753429413 0.431322753429413 0.431322753429413 0.431322753429413 0.431322753429413 0.431322753429413 0.431322753429413 0.431322753429413 0.431322753429413 0.431322753429413 0.431322753429413 0.431322753429413 0.431322753429413 0.431322753429413 0.431322753429413 0.615818500518799 0.431322753429413 0.431322753429413 0.431322753429413 0.431322753429413
0.431322753429413 0.431322753429413 0.431322753429413 0.431322753429413 0.431322753429413 0.431322753429413 0.431322753429413 0.431322753429413 0.431322753429413 0.431322753429413 0.431322753429413 0.431322753429413 0.431322753429413 0.431322753429413 0.431322753429413 0.431322753429413 0.431322753429413 0.431322753429413 0.431322753429413 0.431322753429413 0.431322753429413 0.616119980812073 0.431322753429413 0.431322753429413 0.431322753429413
0.431322753429413 0.431322753429413 0.431322753429413 0.431322753429413 0.431322753429413 0.431322753429413 0.431322753429413 0.431322753429413 0.431322753429413 0.431322753429413 0.431322753429413 0.431322753429413 0.431322753429413 0.431322753429413 0.431322753429413 0.431322753429413 0.431322753429413 0.431322753429413 0.431322753429413 0.431322753429413 0.431322753429413 0.431322753429413 0.534117698669434 0.431322753429413 0.431322753429413
0.431322753429413 0.431322753429413 0.431322753429413 0.431322753429413 0.431322753429413 0.431322753429413 0.431322753429413 0.431322753429413 0.431322753429413 0.431322753429413 0.431322753429413 0.431322753429413 0.431322753429413 0.431322753429413 0.431322753429413 0.431322753429413 0.431322753429413 0.431322753429413 0.431322753429413 0.431322753429413 0.431322753429413 0.431322753429413 0.431322753429413 0.543144106864929 0.431322753429413
0.431322753429413 0.431322753429413 0.431322753429413 0.431322753429413 0.431322753429413 0.431322753429413 0.431322753429413 0.431322753429413 0.431322753429413 0.431322753429413 0.431322753429413 0.431322753429413 0.431322753429413 0.431322753429413 0.431322753429413 0.431322753429413 0.431322753429413 0.431322753429413 0.431322753429413 0.431322753429413 0.431322753429413 0.431322753429413 0.431322753429413 0.431322753429413 0.247741982340813
0.431322753429413 0.421210706233978 0.431322753429413 0.431322753429413 0.431322753429413 0.431322753429413 0.431322753429413 0.431322753429413 0.431322753429413 0.431322753429413 0.431322753429413 0.431322753429413 0.616720557212830 0.431322753429413 0.431322753429413 0.431322753429413 0.450663059949875 0.431322753429413 0.431322753429413 0.431322753429413 0.431322753429413 0.431322753429413 0.431322753429413 0.431322753429413 0.431322753429413
0.431322753429413 0.431322753429413 0.431322753429413 0.431322753429413 0.431322753429413 0.431322753429413 0.431322753429413 0.431322753429413 0.431322753429413 0.431322753429413 0.431322753429413 0.431322753429413 0.431322753429413 0.431322753429413 0.431322753429413 0.431322753429413 0.431322753429413 0.431322753429413 0.431322753429413 0.431322753429413 0.998174428939819 0.431322753429413 0.431322753429413 0.431322753429413 0.431322753429413
0.431322753429413 0.431322753429413 0.431322753429413 0.431322753429413 0.431322753429413 0.431322753429413 0.431322753429413 0.431322753429413 0.431322753429413 0.431322753429413 0.431322753429413 0.431322753429413 0.431322753429413 0.431322753429413 0.431322753429413 0.431322753429413 0.431322753429413 0.431322753429413 0.431322753429413 0.431322753429413 -0.279286503791809 0.431322753429413 0.431322753429413 0.431322753429413 0.431322753429413
0.431322753429413 0.431322753429413 0.749408602714539 0.431322753429413 0.431322753429413 0.431322753429413 0.431322753429413 0.431322753429413 0.431322753429413 0.431322753429413 0.431322753429413 0.431322753429413 0.431322753429413 0.431322753429413 0.431322753429413 0.431322753429413 0.431322753429413 0.431322753429413 0.431322753429413 0.431322753429413 0.431322753429413 0.431322753429413 0.431322753429413 0.431322753429413 0.431322753429413
0.431322753429413 0.431322753429413 0.431322753429413 0.431322753429413 0.431322753429413 0.431322753429413 0.431322753429413 0.431322753429413 0.431322753429413 0.431322753429413 0.431322753429413 0.431322753429413 0.431322753429413 0.431322753429413 0.431322753429413 0.431322753429413 0.431322753429413 0.431322753429413 0.431322753429413 0.431322753429413 0.097591206431389 0.431322753429413 0.431322753429413 0.431322753429413 0.431322753429413
0.431322753429413 0.431322753429413 0.431322753429413 0.431322753429413 0.183089822530746 0.431322753429413 -0.108253754675388 0.431322753429413 0.431322753429413 0.431322753429413 0.431322753429413 0.431322753429413 0.431322753429413 0.431322753429413 0.431322753429413 0.431322753429413 0.431322753429413 0.431322753429413 0.431322753429413 0.431322753429413 0.431322753429413 0.431322753429413 0.431322753429413 0.431322753429413 0.431322753429413
0.431322753429413 0.431322753429413 0.431322753429413 0.431322753429413 0.431322753429413 0.539121210575104 0.431322753429413 0.296995878219604 0.431322753429413 0.431322753429413 0.431322753429413 0.431322753429413 0.431322753429413 0.431322753429413 0.431322753429413 0.431322753429413 0.431322753429413 0.431322753429413 0.431322753429413 0.431322753429413 0.431322753429413 0.431322753429413 0.431322753429413 0.431322753429413 0.431322753429413
0.431322753429413 0.431322753429413 0.431322753429413 0.431322753429413 0.431322753429413 0.431322753429413 0.350681662559509 0.431322753429413 0.431322753429413 0.431322753429413 0.431322753429413 0.431322753429413 0.431322753429413 0.431322753429413 0.431322753429413 0.431322753429413 0.431322753429413 0.431322753429413 0.431322753429413 0.431322753429413 0.431322753429413 0.431322753429413 0.318137049674988 0.431322753429413 0.431322753429413
0.431322753429413 0.431322753429413 0.431322753429413 0.431322753429413 0.431322753429413 0.431322753429413 0.431322753429413 0.431322753429413 0.431322753429413 0.431322753429413 0.431322753429413 0.431322753429413 0.431322753429413 0.431322753429413 0.431322753429413 0.431322753429413 0.431322753429413 0.431322753429413 0.431322753429413 0.431322753429413 0.309089869260788 0.431322753429413 0.431322753429413 0.431322753429413 0.431322753429413
0.431322753429413 0.431322753429413 0.431322753429413 0.431322753429413 0.431322753429413 0.431322753429413 0.431322753429413 0.431322753429413 -0.080551773309708 0.431322753429413 -0.135514378547668 0.431322753429413 0.431322753429413 0.431322753429413 0.431322753429413 0.431322753429413 0.431322753429413 0.431322753429413 0.431322753429413 0.431322753429413 0.431322753429413 0.431322753429413 0.431322753429413 0.431322753429413 0.431322753429413
0.431322753429413 0.431322753429413 0.431322753429413 0.431322753429413 0.431322753429413 0.431322753429413 0.431322753429413 0.431322753429413 0.431322753429413 0.638726651668549 0.431322753429413 0.222264423966408 0.431322753429413 0.431322753429413 0.431322753429413 0.431322753429413 0.431322753429413 0.431322753429413 0.431322753429413 0.431322753429413 0.431322753429413 0.431322753429413 0.431322753429413 0.431322753429413 0.431322753429413
0.431322753429413 0.431322753429413 0.431322753429413 0.431322753429413 0.431322753429413 0.431322753429413 0.431322753429413 0.431322753429413 0.431322753429413 0.431322753429413 0.461984634399414 0.431322753429413 0.431322753429413 0.431322753429413 0.431322753429413 0.431322753429413 0.431322753429413 0.431322753429413 0.431322753429413 0.431322753429413 0.431322753429413 0.431322753429413 0.431322753429413 0.431322753429413 0.177897870540619
0.364791870117188 0.431322753429413 0.431322753429413 0.431322753429413 0.431322753429413 0.431322753429413 0.431322753429413 0.431322753429413 0.431322753429413 0.431322753429413 0.431322753429413 0.431322753429413 0.431322753429413 0.271806865930557 0.431322753429413 0.431322753429413 0.431322753429413 0.431322753429413 0.431322753429413 0.431322753429413 0.431322753429413 0.431322753429413 0.431322753429413 0.431322753429413 0.431322753429413
0.431322753429413 0.431322753429413 0.431322753429413 0.431322753429413 0.431322753429413 0.431322753429413 0.431322753429413 0.431322753429413 0.431322753429413 0.431322753429413 0.431322753429413 0.431322753429413 0.546583056449890 0.431322753429413 0.389715760946274 0.431322753429413 0.431322753429413 0.431322753429413 0.431322753429413 0.431322753429413 0.431322753429413 0.431322753429413 0.431322753429413 0.431322753429413 0.431322753429413
0.431322753429413 0.431322753429413 0.431322753429413 0.431322753429413 0.431322753429413 0.431322753429413 0.431322753429413 0.431322753429413 0.431322753429413 0.431322753429413 0.431322753429413 0.431322753429413 0.431322753429413 0.748588144779205 0.431322753429413 0.286460131406784 0.431322753429413 0.431322753429413 0.431322753429413 0.431322753429413 0.431322753429413 0.431322753429413 0.431322753429413 0.431322753429413 0.431322753429413
0.431322753429413 0.431322753429413 0.431322753429413 0.431322753429413 0.431322753429413 0.431322753429413 0.431322753429413 0.431322753429413 0.431322753429413 0.431322753429413 0.431322753429413 0.431322753429413 0.431322753429413 0.431322753429413 0.394707322120667 0.431322753429413 0.431322753429413 0.431322753429413 0.431322753429413 0.431322753429413 0.431322753429413 0.431322753429413 0.431322753429413 0.431322753429413 0.431322753429413
0.436514347791672 0.431322753429413 0.431322753429413 0.431322753429413 0.431322753429413 0.431322753429413 0.431322753429413 0.431322753429413 0.431322753429413 0.431322753429413 0.431322753429413 0.431322753429413 0.431322753429413 0.431322753429413 0.431322753429413 0.431322753429413 0.431322753429413 0.222943320870399 0.431322753429413 0.431322753429413 0.431322753429413 0.431322753429413 0.431322753429413 0.431322753429413 0.431322753429413
0.431322753429413 0.431322753429413 0.431322753429413 0.431322753429413 0.431322753429413 0.431322753429413 0.431322753429413 0.431322753429413 0.431322753429413 0.431322753429413 0.431322753429413 0.431322753429413 0.431322753429413 0.431322753429413 0.431322753429413 0.431322753429413 0.456111401319504 0.431322753429413 0.723413944244385 0.431322753429413 0.431322753429413 0.431322753429413 0.431322753429413 0.431322753429413 0.431322753429413
0.431322753429413 0.431322753429413 0.431322753429413 0.431322753429413 0.431322753429413 0.431322753429413 0.431322753429413 0.431322753429413 0.431322753429413 0.431322753429413 0.431322753429413 0.431322753429413 0.431322753429413 0.431322753429413 0.431322753429413 0.431322753429413 0.431322753429413 0.696440994739532 0.431322753429413 0.348029255867004 0.431322753429413 0.431322753429413 0.431322753429413 0.431322753429413 0.431322753429413
0.431322753429413 0.431322753429413 0.431322753429413 0.431322753429413 0.431322753429413 0.431322753429413 0.431322753429413 0.431322753429413 0.431322753429413 0.431322753429413 0.431322753429413 0.431322753429413 0.431322753429413 0.431322753429413 0.431322753429413 0.431322753429413 0.431322753429413 0.431322753429413 0.420128494501114 0.431322753429413 0.431322753429413 0.431322753429413 0.431322753429413 0.431322753429413 0.431322753429413
0.431322753429413 0.431322753429413 0.431322753429413 0.431322753429413 0.431322753429413 0.431322753429413 0.431322753429413 0.431322753429413 0.431322753429413 0.431322753429413 0.431322753429413 0.431322753429413 0.431322753429413 0.431322753429413 0.431322753429413 0.431322753429413 0.431322753429413 0.431322753429413 0.431322753429413 0.431322753429413 0.431322753429413 0.431322753429413 0.431322753429413 0.431322753429413 0.431322753429413
0.431322753429413 0.431322753429413 0.431322753429413 0.431322753429413 0.431322753429413 0.431322753429413 0.431322753429413 0.431322753429413 0.431322753429413 0.431322753429413 0.431322753429413 0.431322753429413 0.431322753429413 0.431322753429413 0.431322753429413 0.431322753429413 0.431322753429413 0.431322753429413 0.431322753429413 0.431322753429413 0.431322753429413 0.431322753429413 0.761540830135345 0.431322753429413 0.431322753429413
0.431322753429413 0.431322753429413 0.431322753429413 0.431322753429413 0.431322753429413 0.431322753429413 0.431322753429413 0.685074210166931 0.431322753429413 0.431322753429413 0.431322753429413 0.431322753429413 0.431322753429413 0.431322753429413 0.431322753429413 0.431322753429413 0.431322753429413 0.431322753429413 0.431322753429413 0.431322753429413 0.431322753429413 0.062616564333439 0.431322753429413 0.431322753429413 0.431322753429413
0.431322753429413 0.431322753429413 0.431322753429413 0.431322753429413 0.431322753429413 0.431322753429413 0.431322753429413 0.431322753429413 0.431322753429413 0.431322753429413 0.431322753429413 0.431322753429413 0.431322753429413 0.431322753429413 0.431322753429413 0.431322753429413 0.431322753429413 0.431322753429413 0.431322753429413 0.431322753429413 0.431322753429413 0.431322753429413 0.431322753429413 0.431322753429413 0.523592591285706
0.431322753429413 0.431322753429413 0.431322753429413 0.431322753429413 0.431322753429413 0.431322753429413 0.431322753429413 0.431322753429413 0.431322753429413 0.431322753429413 0.431322753429413 0.452708274126053 0.431322753429413 0.431322753429413 0.431322753429413 0.431322753429413 0.431322753429413 0.431322753429413 0.431322753429413 0.431322753429413 0.431322753429413 0.431322753429413 0.431322753429413 0.421411871910095 0.431322753429413
0.431322753429413 0.431322753429413 0.431322753429413 0.431322753429413 0.431322753429413 0.431322753429413 0.431322753429413 0.431322753429413 0.431322753429413 0.431322753429413 0.431322753429413 0.431322753429413 0.431322753429413 0.431322753429413 0.431322753429413 0.431322753429413 0.431322753429413 0.431322753429413 0.431322753429413 0.431322753429413 0.431322753429413 0.431322753429413 0.431322753429413 0.431322753429413 0.431322753429413
0.461310327053070 0.431322753429413 0.431322753429413 0.431322753429413 0.431322753429413 0.431322753429413 0.431322753429413 0.431322753429413 0.431322753429413 0.431322753429413 0.431322753429413 0.431322753429413 0.431322753429413 0.431322753429413 0.431322753429413 0.431322753429413 0.431322753429413 0.431322753429413 0.431322753429413 0.431322753429413 0.431322753429413 0.431322753429413 0.431322753429413 0.431322753429413 0.431322753429413
0.431322753429413 0.431322753429413 0.431322753429413 0.588794946670532 0.431322753429413 0.431322753429413 0.431322753429413 0.431322753429413 0.431322753429413 0.431322753429413 0.431322753429413 0.431322753429413 0.431322753429413 0.431322753429413 0.431322753429413 0.431322753429413 0.431322753429413 0.431322753429413 0.431322753429413 0.431322753429413 0.431322753429413 0.431322753429413 0.431322753429413 0.431322753429413 0.431322753429413
0.431322753429413 0.431322753429413 0.431322753429413 0.431322753429413 0.431322753429413 0.431322753429413 0.431322753429413 0.431322753429413 0.431322753429413 0.431322753429413 0.431322753429413 0.431322753429413 0.431322753429413 0.431322753429413 0.431322753429413 0.431322753429413 0.431322753429413 0.431322753429413 0.431322753429413 0.431322753429413 0.431322753429413 0.431322753429413 0.431322753429413 0.431322753429413 0.431322753429413
0.431322753429413 0.431322753429413 0.431322753429413 0.431322753429413 0.431322753429413 0.372834205627441 0.431322753429413 0.431322753429413 0.431322753429413 0.431322753429413 0.431322753429413 0.431322753429413 0.431322753429413 0.431322753429413 0.431322753429413 0.431322753429413 0.431322753429413 0.431322753429413 0.431322753429413 0.431322753429413 0.431322753429413 0.431322753429413 0.431322753429413 0.431322753429413 0.431322753429413
0.431322753429413 0.431322753429413 0.431322753429413 0.431322753429413 0.431322753429413 0.431322753429413 0.431322753429413 0.431322753429413 0.431322753429413 0.431322753429413 0.431322753429413 0.431322753429413 0.431322753429413 0.431322753429413 0.431322753429413 0.431322753429413 0.431322753429413 0.431322753429413 0.431322753429413 0.431322753429413 0.431322753429413 0.431322753429413 0.431322753429413 0.431322753429413 0.431322753429413
0.431322753429413 0.431322753429413 0.431322753429413 0.431322753429413 0.431322753429413 0.431322753429413 0.431322753429413 0.431322753429413 0.431322753429413 0.431322753429413 0.431322753429413 0.431322753429413 0.431322753429413 0.431322753429413 0.431322753429413 0.431322753429413 0.431322753429413 0.431322753429413 0.431322753429413 0.431322753429413 0.431322753429413 0.431322753429413 0.431322753429413 0.431322753429413 0.431322753429413
0.431322753429413 0.431322753429413 0.431322753429413 0.431322753429413 0.431322753429413 0.431322753429413 0.431322753429413 0.431322753429413 0.431322753429413 0.431322753429413 0.431322753429413 0.431322753429413 0.431322753429413 0.431322753429413 0.431322753429413 0.431322753429413 0.431322753429413 0.431322753429413 0.431322753429413 0.431322753429413 0.431322753429413 0.431322753429413 0.431322753429413 0.431322753429413 0.431322753429413
0.431322753429413 0.431322753429413 0.431322753429413 0.431322753429413 0.431322753429413 0.431322753429413 0.431322753429413 0.431322753429413 0.431322753429413 0.491549372673035 0.431322753429413 0.431322753429413 0.431322753429413 0.431322753429413 0.431322753429413 0.431322753429413 0.431322753429413 0.431322753429413 0.431322753429413 0.431322753429413 0.431322753429413 0.431322753429413 0.431322753429413 0.431322753429413 0.431322753429413
0.431322753429413 0.431322753429413 0.431322753429413 0.431322753429413 0.431322753429413 0.431322753429413 0.431322753429413 0.431322753429413 0.431322753429413 0.431322753429413 0.431322753429413 0.431322753429413 0.431322753429413 0.431322753429413 0.431322753429413 0.431322753429413 0.431322753429413 0.431322753429413 0.431322753429413 0.431322753429413 0.431322753429413 0.431322753429413 0.431322753429413 0.431322753429413 0.431322753429413
0.431322753429413 0.431322753429413 0.431322753429413 0.431322753429413 0.431322753429413 0.431322753429413 0.431322753429413 0.431322753429413 0.431322753429413 0.431322753429413 0.431322753429413 0.431322753429413 0.431322753429413 0.431322753429413 0.431322753429413 0.431322753429413 0.431322753429413 0.431322753429413 0.431322753429413 0.431322753429413 0.431322753429413 0.431322753429413 0.431322753429413 0.431322753429413 0.431322753429413
0.431322753429413 0.431322753429413 0.431322753429413 0.431322753429413 0.431322753429413 0.431322753429413 0.431322753429413 0.431322753429413 0.431322753429413 0.431322753429413 0.431322753429413 0.431322753429413 0.431322753429413 0.431322753429413 0.431322753429413 0.431322753429413 0.431322753429413 0.431322753429413 0.431322753429413 0.431322753429413 0.431322753429413 0.431322753429413 0.431322753429413 0.431322753429413 0.431322753429413
0.431322753429413 0.431322753429413 0.431322753429413 0.431322753429413 0.431322753429413 0.431322753429413 0.431322753429413 0.431322753429413 0.431322753429413 0.431322753429413 0.431322753429413 0.431322753429413 0.431322753429413 0.431322753429413 0.431322753429413 0.431322753429413 0.431322753429413 0.431322753429413 0.431322753429413 0.431322753429413 0.431322753429413 0.431322753429413 0.431322753429413 0.431322753429413 0.431322753429413
0.431322753429413 0.431322753429413 0.431322753429413 0.431322753429413 0.431322753429413 0.431322753429413 0.431322753429413 0.431322753429413 0.431322753429413 0.431322753429413 0.431322753429413 0.431322753429413 0.431322753429413 0.431322753429413 0.431322753429413 0.431322753429413 0.431322753429413 0.431322753429413 0.431322753429413 0.431322753429413 0.431322753429413 0.431322753429413 0.431322753429413 0.431322753429413 0.431322753429413
0.431322753429413 0.431322753429413 0.431322753429413 0.431322753429413 0.431322753429413 0.431322753429413 0.431322753429413 0.431322753429413 0.431322753429413 0.431322753429413 0.431322753429413 0.431322753429413 0.431322753429413 0.431322753429413 0.431322753429413 0.431322753429413 0.431322753429413 0.431322753429413 0.431322753429413 0.431322753429413 0.431322753429413 0.431322753429413 0.431322753429413 0.431322753429413 0.431322753429413
0.431322753429413 0.431322753429413 0.431322753429413 0.431322753429413 0.431322753429413 0.431322753429413 0.431322753429413 0.431322753429413 0.431322753429413 0.431322753429413 0.431322753429413 0.431322753429413 0.431322753429413 0.431322753429413 0.431322753429413 0.431322753429413 0.431322753429413 0.431322753429413 0.431322753429413 0.431322753429413 0.431322753429413 0.431322753429413 0.431322753429413 0.431322753429413 0.431322753429413
0.431322753429413 0.431322753429413 0.431322753429413 0.431322753429413 0.431322753429413 0.431322753429413 0.431322753429413 0.431322753429413 0.431322753429413 0.431322753429413 0.431322753429413 0.431322753429413 0.431322753429413 0.431322753429413 0.431322753429413 0.431322753429413 0.431322753429413 0.431322753429413 0.431322753429413 0.431322753429413 0.431322753429413 0.431322753429413 0.431322753429413 0.431322753429413 0.431322753429413
0.431322753429413 0.431322753429413 0.431322753429413 0.431322753429413 0.431322753429413 0.431322753429413 0.431322753429413 0.431322753429413 0.431322753429413 0.431322753429413 0.431322753429413 0.431322753429413 0.431322753429413 0.431322753429413 0.431322753429413 0.431322753429413 0.431322753429413 0.431322753429413 0.431322753429413 0.431322753429413 0.431322753429413 0.431322753429413 0.431322753429413 0.431322753429413 0.431322753429413
0.431322753429413 0.431322753429413 0.431322753429413 0.431322753429413 0.431322753429413 0.431322753429413 0.431322753429413 0.431322753429413 0.431322753429413 0.431322753429413 0.431322753429413 0.431322753429413 0.431322753429413 0.431322753429413 0.431322753429413 0.431322753429413 0.431322753429413 0.431322753429413 0.431322753429413 0.431322753429413 0.431322753429413 0.431322753429413 0.431322753429413 0.431322753429413 0.431322753429413
0.431322753429413 0.431322753429413 0.431322753429413 0.431322753429413 0.431322753429413 0.431322753429413 0.431322753429413 0.431322753429413 0.431322753429413 0.431322753429413 0.431322753429413 0.431322753429413 0.431322753429413 0.431322753429413 0.431322753429413 0.431322753429413 0.431322753429413 0.431322753429413 0.431322753429413 0.431322753429413 0.431322753429413 0.431322753429413 0.431322753429413 0.431322753429413 0.431322753429413
0.431322753429413 1.328828930854797 0.351520597934723 0.431322753429413 0.883104443550110 0.431322753429413 0.431322753429413 0.431322753429413 0.788228213787079 0.431322753429413 0.431322753429413 0.431322753429413 0.431322753429413 0.431322753429413 0.431322753429413 0.431322753429413 0.431322753429413 0.431322753429413 0.431322753429413 0.431322753429413 0.431322753429413 0.431322753429413 0.431322753429413 0.431322753429413 0.431322753429413
0.431322753429413 0.431322753429413 0.431322753429413 0.431322753429413 0.431322753429413 0.431322753429413 0.431322753429413 0.431322753429413 0.431322753429413 0.431322753429413 0.431322753429413 0.431322753429413 0.431322753429413 0.431322753429413 0.431322753429413 0.431322753429413 0.431322753429413 0.431322753429413 0.431322753429413 0.431322753429413 0.431322753429413 0.431322753429413 0.431322753429413 0.431322753429413 0.431322753429413
0.431322753429413 0.431322753429413 0.431322753429413 0.431322753429413 0.431322753429413 0.431322753429413 0.431322753429413 0.431322753429413 0.431322753429413 0.431322753429413 0.431322753429413 0.431322753429413 0.431322753429413 0.431322753429413 0.431322753429413 0.431322753429413 0.431322753429413 0.431322753429413 0.431322753429413 0.431322753429413 0.431322753429413 0.431322753429413 0.431322753429413 0.431322753429413 0.431322753429413
0.431322753429413 0.431322753429413 0.431322753429413 0.431322753429413 0.431322753429413 0.431322753429413 0.431322753429413 0.431322753429413 0.431322753429413 0.431322753429413 0.431322753429413 0.431322753429413 0.431322753429413 0.431322753429413 0.431322753429413 0.431322753429413 0.431322753429413 0.431322753429413 0.431322753429413 0.431322753429413 0.431322753429413 0.431322753429413 0.431322753429413 0.431322753429413 0.431322753429413
0.431322753429413 0.431322753429413 0.431322753429413 0.431322753429413 0.431322753429413 0.431322753429413 0.431322753429413 0.431322753429413 0.431322753429413 0.431322753429413 0.431322753429413 0.431322753429413 0.431322753429413 0.431322753429413 0.431322753429413 0.431322753429413 0.431322753429413 0.431322753429413 0.431322753429413 0.431322753429413 0.431322753429413 0.431322753429413 0.431322753429413 0.431322753429413 0.431322753429413
