0.212383985519409 0.431322753429413 0.431322753429413 0.431322753429413 0.431322753429413 0.431322753429413 0.431322753429413 0.431322753429413 0.431322753429413 0.431322753429413 0.431322753429413 0.431322753429413 0.431322753429413 0.431322753429413 0.431322753429413 0.431322753429413 0.431322753429413 0.431322753429413 0.431322753429413 0.431322753429413 0.431322753429413 0.431322753429413 0.431322753429413 0.431322753429413 0.431322753429413
0.431322753429413 0.458806812763214 0.431322753429413 0.431322753429413 0.431322753429413 0.431322753429413 0.431322753429413 0.431322753429413 0.431322753429413 0.431322753429413 0.431322753429413 0.431322753429413 0.431322753429413 0.431322753429413 0.431322753429413 0.431322753429413 0.431322753429413 0.431322753429413 0.431322753429413 0.431322753429413 0.431322753429413 0.431322753429413 0.431322753429413 0.431322753429413 0.431322753429413
0.431322753429413 0.431322753429413 0.465223699808121 0.431322753429413 0.431322753429413 0.431322753429413 0.431322753429413 0.431322753429413 0.431322753429413 0.431322753429413 0.431322753429413 0.431322753429413 0.431322753429413 0.431322753429413 0.431322753429413 0.431322753429413 0.431322753429413 0.431322753429413 0.431322753429413 0.431322753429413 0.431322753429413 0.431322753429413 0.431322753429413 0.431322753429413 0.431322753429413
0.431322753429413 0.431322753429413 0.431322753429413 0.615364789962769 0.431322753429413 0.431322753429413 0.431322753429413 0.431322753429413 0.431322753429413 0.431322753429413 0.431322753429413 0.431322753429413 0.431322753429413 0.431322753429413 0.431322753429413 0.431322753429413 0.431322753429413 0.431322753429413 0.431322753429413 0.431322753429413 0.431322753429413 0.431322753429413 0.431322753429413 0.431322753429413 0.431322753429413
0.431322753429413 0.431322753429413 0.431322753429413 0.431322753429413 0.722991108894348 0.431322753429413 0.431322753429413 0.431322753429413 0.431322753429413 0.431322753429413 0.431322753429413 0.431322753429413 0.431322753429413 0.431322753429413 0.431322753429413 0.431322753429413 0.431322753429413 0.431322753429413 0.431322753429413 0.431322753429413 0.431322753429413 0.431322753429413 0.431322753429413 0.431322753429413 0.431322753429413
0.431322753429413 0.431322753429413 0.431322753429413 0.431322753429413 0.431322753429413 0.587806403636932 0.431322753429413 0.431322753429413 0.431322753429413 0.431322753429413 0.431322753429413 0.431322753429413 0.431322753429413 0.431322753429413 0.431322753429413 0.431322753429413 0.431322753429413 0.431322753429413 0.431322753429413 0.431322753429413 0.431322753429413 0.431322753429413 0.431322753429413 0.431322753429413 0.431322753429413
0.431322753429413 0.431322753429413 0.431322753429413 0.431322753429413 0.431322753429413 0.431322753429413 0.296875923871994 0.431322753429413 0.431322753429413 0.431322753429413 0.431322753429413 0.431322753429413 0.431322753429413 0.431322753429413 0.431322753429413 0.431322753429413 0.431322753429413 0.431322753429413 0.431322753429413 0.431322753429413 0.431322753429413 0.431322753429413 0.431322753429413 0.431322753429413 0.431322753429413
0.431322753429413 0.431322753429413 0.431322753429413 0.431322753429413 0.431322753429413 0.431322753429413 0.431322753429413 0.543914258480072 0.431322753429413 0.431322753429413 0.431322753429413 0.431322753429413 0.431322753429413 0.431322753429413 0.431322753429413 0.431322753429413 0.431322753429413 0.431322753429413 0.431322753429413 0.431322753429413 0.431322753429413 0.431322753429413 0.431322753429413 0.431322753429413 0.431322753429413
0.431322753429413 0.431322753429413 0.431322753429413 0.431322753429413 0.431322753429413 0.431322753429413 0.431322753429413 0.431322753429413 0.746093630790710 0.431322753429413 0.431322753429413 0.431322753429413 0.431322753429413 0.431322753429413 0.431322753429413 0.431322753429413 0.431322753429413 0.431322753429413 0.431322753429413 0.431322753429413 0.431322753429413 0.431322753429413 0.431322753429413 0.431322753429413 0.431322753429413
0.431322753429413 0.431322753429413 0.431322753429413 0.431322753429413 0.431322753429413 0.431322753429413 0.431322753429413 0.431322753429413 0.431322753429413 0.400997638702393 0.431322753429413 0.431322753429413 0.431322753429413 0.431322753429413 0.431322753429413 0.431322753429413 0.431322753429413 0.431322753429413 0.431322753429413 0.431322753429413 0.431322753429413 0.431322753429413 0.431322753429413 0.431322753429413 0.431322753429413
0.431322753429413 0.431322753429413 0.431322753429413 0.431322753429413 0.431322753429413 0.431322753429413 0.431322753429413 0.431322753429413 0.431322753429413 0.431322753429413 0.263574928045273 0.431322753429413 0.431322753429413 0.431322753429413 0.431322753429413 0.431322753429413 0.431322753429413 0.431322753429413 0.431322753429413 0.431322753429413 0.431322753429413 0.431322753429413 0.431322753429413 0.431322753429413 0.431322753429413
0.431322753429413 0.431322753429413 0.431322753429413 0.431322753429413 0.431322753429413 0.431322753429413 0.431322753429413 0.431322753429413 0.431322753429413 0.431322753429413 0.431322753429413 0.568674623966217 0.431322753429413 0.431322753429413 0.431322753429413 0.431322753429413 0.431322753429413 0.431322753429413 0.431322753429413 0.431322753429413 0.431322753429413 0.431322753429413 0.431322753429413 0.431322753429413 0.431322753429413
0.431322753429413 0.431322753429413 0.431322753429413 0.431322753429413 0.431322753429413 0.431322753429413 0.431322753429413 0.431322753429413 0.431322753429413 0.431322753429413 0.431322753429413 0.431322753429413 0.403155744075775 0.431322753429413 0.431322753429413 0.431322753429413 0.431322753429413 0.431322753429413 0.431322753429413 0.431322753429413 0.431322753429413 0.431322753429413 0.431322753429413 0.431322753429413 0.431322753429413
0.431322753429413 0.431322753429413 0.431322753429413 0.431322753429413 0.431322753429413 0.431322753429413 0.431322753429413 0.431322753429413 0.431322753429413 0.431322753429413 0.431322753429413 0.431322753429413 0.431322753429413 0.572380602359772 0.431322753429413 0.431322753429413 0.431322753429413 0.431322753429413 0.431322753429413 0.431322753429413 0.431322753429413 0.431322753429413 0.431322753429413 0.431322753429413 0.431322753429413
0.431322753429413 0.431322753429413 0.431322753429413 0.431322753429413 0.431322753429413 0.431322753429413 0.431322753429413 0.431322753429413 0.431322753429413 0.431322753429413 0.431322753429413 0.431322753429413 0.431322753429413 0.431322753429413 0.801104664802551 0.431322753429413 0.431322753429413 0.431322753429413 0.431322753429413 0.431322753429413 0.431322753429413 0.431322753429413 0.431322753429413 0.431322753429413 0.431322753429413
0.431322753429413 0.431322753429413 0.431322753429413 0.431322753429413 0.431322753429413 0.431322753429413 0.431322753429413 0.431322753429413 0.431322753429413 0.431322753429413 0.431322753429413 0.431322753429413 0.431322753429413 0.431322753429413 0.431322753429413 0.482766419649124 0.431322753429413 0.431322753429413 0.431322753429413 0.431322753429413 0.431322753429413 0.431322753429413 0.431322753429413 0.431322753429413 0.431322753429413
0.431322753429413 0.431322753429413 0.431322753429413 0.431322753429413 0.431322753429413 0.431322753429413 0.431322753429413 0.431322753429413 0.431322753429413 0.431322753429413 0.431322753429413 0.431322753429413 0.431322753429413 0.431322753429413 0.431322753429413 0.431322753429413 0.641067981719971 0.431322753429413 0.431322753429413 0.431322753429413 0.431322753429413 0.431322753429413 0.431322753429413 0.431322753429413 0.431322753429413
0.431322753429413 0.431322753429413 0.431322753429413 0.431322753429413 0.431322753429413 0.431322753429413 0.431322753429413 0.431322753429413 0.431322753429413 0.431322753429413 0.431322753429413 0.431322753429413 0.431322753429413 0.431322753429413 0.431322753429413 0.431322753429413 0.431322753429413 0.803971409797668 0.431322753429413 0.431322753429413 0.431322753429413 0.431322753429413 0.431322753429413 0.431322753429413 0.431322753429413
0.431322753429413 0.431322753429413 0.431322753429413 0.431322753429413 0.431322753429413 0.431322753429413 0.431322753429413 0.431322753429413 0.431322753429413 0.431322753429413 0.431322753429413 0.431322753429413 0.431322753429413 0.431322753429413 0.431322753429413 0.431322753429413 0.431322753429413 0.431322753429413 0.671678602695465 0.431322753429413 0.431322753429413 0.431322753429413 0.431322753429413 0.431322753429413 0.431322753429413
0.431322753429413 0.431322753429413 0.431322753429413 0.431322753429413 0.431322753429413 0.431322753429413 0.431322753429413 0.431322753429413 0.431322753429413 0.431322753429413 0.431322753429413 0.431322753429413 0.431322753429413 0.431322753429413 0.431322753429413 0.431322753429413 0.431322753429413 0.431322753429413 0.431322753429413 0.402344763278961 0.431322753429413 0.431322753429413 0.431322753429413 0.431322753429413 0.431322753429413
0.431322753429413 0.431322753429413 0.431322753429413 0.431322753429413 0.431322753429413 0.431322753429413 0.431322753429413 0.431322753429413 0.431322753429413 0.431322753429413 0.431322753429413 0.431322753429413 0.431322753429413 0.431322753429413 0.431322753429413 0.431322753429413 0.431322753429413 0.431322753429413 0.431322753429413 0.431322753429413 0.083713620901108 0.431322753429413 0.431322753429413 0.431322753429413 0.431322753429413
0.431322753429413 0.431322753429413 0.431322753429413 0.431322753429413 0.431322753429413 0.431322753429413 0.431322753429413 0.431322753429413 0.431322753429413 0.431322753429413 0.431322753429413 0.431322753429413 0.431322753429413 0.431322753429413 0.431322753429413 0.431322753429413 0.431322753429413 0.431322753429413 0.431322753429413 0.431322753429413 0.431322753429413 0.398133844137192 0.431322753429413 0.431322753429413 0.431322753429413
0.431322753429413 0.431322753429413 0.431322753429413 0.431322753429413 0.431322753429413 0.431322753429413 0.431322753429413 0.431322753429413 0.431322753429413 0.431322753429413 0.431322753429413 0.431322753429413 0.431322753429413 0.431322753429413 0.431322753429413 0.431322753429413 0.431322753429413 0.431322753429413 0.431322753429413 0.431322753429413 0.431322753429413 0.431322753429413 0.179652631282806 0.431322753429413 0.431322753429413
0.431322753429413 0.431322753429413 0.431322753429413 0.431322753429413 0.431322753429413 0.431322753429413 0.431322753429413 0.431322753429413 0.431322753429413 0.431322753429413 0.431322753429413 0.431322753429413 0.431322753429413 0.431322753429413 0.431322753429413 0.431322753429413 0.431322753429413 0.431322753429413 0.431322753429413 0.431322753429413 0.431322753429413 0.431322753429413 0.431322753429413 0.502473831176758 0.431322753429413
0.431322753429413 0.431322753429413 0.431322753429413 0.431322753429413 0.431322753429413 0.431322753429413 0.431322753429413 0.431322753429413 0.431322753429413 0.431322753429413 0.431322753429413 0.431322753429413 0.431322753429413 0.431322753429413 0.431322753429413 0.431322753429413 0.431322753429413 0.431322753429413 0.431322753429413 0.431322753429413 0.431322753429413 0.431322753429413 0.431322753429413 0.431322753429413 0.523469626903534
0.431322753429413 0.078605979681015 0.431322753429413 0.431322753429413 0.431322753429413 0.431322753429413 0.431322753429413 0.431322753429413 0.431322753429413 0.431322753429413 0.431322753429413 0.431322753429413 0.377383083105087 0.431322753429413 0.431322753429413 0.431322753429413 0.468552142381668 0.431322753429413 0.431322753429413 0.431322753429413 0.431322753429413 0.431322753429413 0.431322753429413 0.431322753429413 0.431322753429413
0.431322753429413 0.431322753429413 0.431322753429413 0.431322753429413 0.431322753429413 0.431322753429413 0.431322753429413 0.431322753429413 0.431322753429413 0.431322753429413 0.431322753429413 0.431322753429413 0.431322753429413 0.431322753429413 0.431322753429413 0.431322753429413 0.431322753429413 0.431322753429413 0.431322753429413 0.431322753429413 0.160727307200432 0.431322753429413 0.431322753429413 0.431322753429413 0.431322753429413
0.431322753429413 0.431322753429413 0.431322753429413 0.431322753429413 0.431322753429413 0.431322753429413 0.431322753429413 0.431322753429413 0.431322753429413 0.431322753429413 0.431322753429413 0.431322753429413 0.431322753429413 0.431322753429413 0.431322753429413 0.431322753429413 0.431322753429413 0.431322753429413 0.431322753429413 0.431322753429413 0.443529337644577 0.431322753429413 0.431322753429413 0.431322753429413 0.431322753429413
0.431322753429413 0.431322753429413 0.709440946578979 0.431322753429413 0.431322753429413 0.431322753429413 0.431322753429413 0.431322753429413 0.431322753429413 0.431322753429413 0.431322753429413 0.431322753429413 0.431322753429413 0.431322753429413 0.431322753429413 0.431322753429413 0.431322753429413 0.431322753429413 0.431322753429413 0.431322753429413 0.431322753429413 0.431322753429413 0.431322753429413 0.431322753429413 0.431322753429413
0.431322753429413 0.431322753429413 0.431322753429413 0.431322753429413 0.431322753429413 0.431322753429413 0.431322753429413 0.431322753429413 0.431322753429413 0.431322753429413 0.431322753429413 0.431322753429413 0.431322753429413 0.431322753429413 0.431322753429413 0.431322753429413 0.431322753429413 0.431322753429413 0.431322753429413 0.431322753429413 0.542363226413727 0.431322753429413 0.431322753429413 0.431322753429413 0.431322753429413
0.431322753429413 0.431322753429413 0.431322753429413 0.431322753429413 -0.158700749278069 0.431322753429413 0.543148577213287 0.431322753429413 0.431322753429413 0.431322753429413 0.431322753429413 0.431322753429413 0.431322753429413 0.431322753429413 0.431322753429413 0.431322753429413 0.431322753429413 0.431322753429413 0.431322753429413 0.431322753429413 0.431322753429413 0.431322753429413 0.431322753429413 0.431322753429413 0.431322753429413
0.431322753429413 0.431322753429413 0.431322753429413 0.431322753429413 0.431322753429413 0.462597995996475 0.431322753429413 0.451801002025604 0.431322753429413 0.431322753429413 0.431322753429413 0.431322753429413 0.431322753429413 0.431322753429413 0.431322753429413 0.431322753429413 0.431322753429413 0.431322753429413 0.431322753429413 0.431322753429413 0.431322753429413 0.431322753429413 0.431322753429413 0.431322753429413 0.431322753429413
0.431322753429413 0.431322753429413 0.431322753429413 0.431322753429413 0.431322753429413 0.431322753429413 0.408816754817963 0.431322753429413 0.431322753429413 0.431322753429413 0.431322753429413 0.431322753429413 0.431322753429413 0.431322753429413 0.431322753429413 0.431322753429413 0.431322753429413 0.431322753429413 0.431322753429413 0.431322753429413 0.431322753429413 0.431322753429413 0.098636612296104 0.431322753429413 0.431322753429413
0.431322753429413 0.431322753429413 0.431322753429413 0.431322753429413 0.431322753429413 0.431322753429413 0.431322753429413 0.431322753429413 0.431322753429413 0.431322753429413 0.431322753429413 0.431322753429413 0.431322753429413 0.431322753429413 0.431322753429413 0.431322753429413 0.431322753429413 0.431322753429413 0.431322753429413 0.431322753429413 1.003171324729919 0.431322753429413 0.431322753429413 0.431322753429413 0.431322753429413
0.431322753429413 0.431322753429413 0.431322753429413 0.431322753429413 0.431322753429413 0.431322753429413 0.431322753429413 0.431322753429413 -0.009020739234984 0.431322753429413 0.474654376506805 0.431322753429413 0.431322753429413 0.431322753429413 0.431322753429413 0.431322753429413 0.431322753429413 0.431322753429413 0.431322753429413 0.431322753429413 0.431322753429413 0.431322753429413 0.431322753429413 0.431322753429413 0.431322753429413
0.431322753429413 0.431322753429413 0.431322753429413 0.431322753429413 0.431322753429413 0.431322753429413 0.431322753429413 0.431322753429413 0.431322753429413 0.491610109806061 0.431322753429413 0.220858886837959 0.431322753429413 0.431322753429413 0.431322753429413 0.431322753429413 0.431322753429413 0.431322753429413 0.431322753429413 0.431322753429413 0.431322753429413 0.431322753429413 0.431322753429413 0.431322753429413 0.431322753429413
0.431322753429413 0.431322753429413 0.431322753429413 0.431322753429413 0.431322753429413 0.431322753429413 0.431322753429413 0.431322753429413 0.431322753429413 0.431322753429413 0.319716632366180 0.431322753429413 0.431322753429413 0.431322753429413 0.431322753429413 0.431322753429413 0.431322753429413 0.431322753429413 0.431322753429413 0.431322753429413 0.431322753429413 0.431322753429413 0.431322753429413 0.431322753429413 0.094292841851711
0.639826059341431 0.431322753429413 0.431322753429413 0.431322753429413 0.431322753429413 0.431322753429413 0.431322753429413 0.431322753429413 0.431322753429413 0.431322753429413 0.431322753429413 0.431322753429413 0.431322753429413 0.729774773120880 0.431322753429413 0.431322753429413 0.431322753429413 0.431322753429413 0.431322753429413 0.431322753429413 0.431322753429413 0.431322753429413 0.431322753429413 0.431322753429413 0.431322753429413
0.431322753429413 0.431322753429413 0.431322753429413 0.431322753429413 0.431322753429413 0.431322753429413 0.431322753429413 0.431322753429413 0.431322753429413 0.431322753429413 0.431322753429413 0.431322753429413 0.596452176570892 0.431322753429413 0.573526024818420 0.431322753429413 0.431322753429413 0.431322753429413 0.431322753429413 0.431322753429413 0.431322753429413 0.431322753429413 0.431322753429413 0.431322753429413 0.431322753429413
0.431322753429413 0.431322753429413 0.431322753429413 0.431322753429413 0.431322753429413 0.431322753429413 0.431322753429413 0.431322753429413 0.431322753429413 0.431322753429413 0.431322753429413 0.431322753429413 0.431322753429413 -0.080650649964809 0.431322753429413 0.424185484647751 0.431322753429413 0.431322753429413 0.431322753429413 0.431322753429413 0.431322753429413 0.431322753429413 0.431322753429413 0.431322753429413 0.431322753429413
0.431322753429413 0.431322753429413 0.431322753429413 0.431322753429413 0.431322753429413 0.431322753429413 0.431322753429413 0.431322753429413 0.431322753429413 0.431322753429413 0.431322753429413 0.431322753429413 0.431322753429413 0.431322753429413 -0.108507230877876 0.431322753429413 0.431322753429413 0.431322753429413 0.431322753429413 0.431322753429413 0.431322753429413 0.431322753429413 0.431322753429413 0.431322753429413 0.431322753429413
0.807782292366028 0.431322753429413 0.431322753429413 0.431322753429413 0.431322753429413 0.431322753429413 0.431322753429413 0.431322753429413 0.431322753429413 0.431322753429413 0.431322753429413 0.431322753429413 0.431322753429413 0.431322753429413 0.431322753429413 0.431322753429413 0.431322753429413 0.535955965518951 0.431322753429413 0.431322753429413 0.431322753429413 0.431322753429413 0.431322753429413 0.431322753429413 0.431322753429413
0.431322753429413 0.431322753429413 0.431322753429413 0.431322753429413 0.431322753429413 0.431322753429413 0.431322753429413 0.431322753429413 0.431322753429413 0.431322753429413 0.431322753429413 0.431322753429413 0.431322753429413 0.431322753429413 0.431322753429413 0.431322753429413 0.195256605744362 0.431322753429413 0.654545068740845 0.431322753429413 0.431322753429413 0.431322753429413 0.431322753429413 0.431322753429413 0.431322753429413
0.431322753429413 0.431322753429413 0.431322753429413 0.431322753429413 0.431322753429413 0.431322753429413 0.431322753429413 0.431322753429413 0.431322753429413 0.431322753429413 0.431322753429413 0.431322753429413 0.431322753429413 0.431322753429413 0.431322753429413 0.431322753429413 0.431322753429413 -0.014210944063962 0.431322753429413 0.336596637964249 0.431322753429413 0.431322753429413 0.431322753429413 0.431322753429413 0.431322753429413
0.431322753429413 0.431322753429413 0.431322753429413 0.431322753429413 0.431322753429413 0.431322753429413 0.431322753429413 0.431322753429413 0.431322753429413 0.431322753429413 0.431322753429413 0.431322753429413 0.431322753429413 0.431322753429413 0.431322753429413 0.431322753429413 0.431322753429413 0.431322753429413 -0.132927760481834 0.431322753429413 0.431322753429413 0.431322753429413 0.431322753429413 0.431322753429413 0.431322753429413
0.431322753429413 0.431322753429413 0.431322753429413 0.431322753429413 0.431322753429413 0.431322753429413 0.431322753429413 0.431322753429413 0.431322753429413 0.431322753429413 0.431322753429413 0.431322753429413 0.431322753429413 0.431322753429413 0.431322753429413 0.431322753429413 0.431322753429413 0.431322753429413 0.431322753429413 0.431322753429413 0.431322753429413 0.431322753429413 0.431322753429413 0.431322753429413 0.431322753429413
0.431322753429413 0.431322753429413 0.431322753429413 0.431322753429413 0.431322753429413 0.431322753429413 0.431322753429413 0.431322753429413 0.431322753429413 0.431322753429413 0.431322753429413 0.431322753429413 0.431322753429413 0.431322753429413 0.431322753429413 0.431322753429413 0.431322753429413 0.431322753429413 0.431322753429413 0.431322753429413 0.431322753429413 0.431322753429413 0.840209543704987 0.431322753429413 0.431322753429413
0.431322753429413 0.431322753429413 0.431322753429413 0.431322753429413 0.431322753429413 0.431322753429413 0.431322753429413 0.466037452220917 0.431322753429413 0.431322753429413 0.431322753429413 0.431322753429413 0.431322753429413 0.431322753429413 0.431322753429413 0.431322753429413 0.431322753429413 0.431322753429413 0.431322753429413 0.431322753429413 0.431322753429413 0.365266054868698 0.431322753429413 0.431322753429413 0.431322753429413
0.431322753429413 0.431322753429413 0.431322753429413 0.431322753429413 0.431322753429413 0.431322753429413 0.431322753429413 0.431322753429413 0.431322753429413 0.431322753429413 0.431322753429413 0.431322753429413 0.431322753429413 0.431322753429413 0.431322753429413 0.431322753429413 0.431322753429413 0.431322753429413 0.431322753429413 0.431322753429413 0.431322753429413 0.431322753429413 0.431322753429413 0.431322753429413 0.537472069263458
0.431322753429413 0.431322753429413 0.431322753429413 0.431322753429413 0.431322753429413 0.431322753429413 0.431322753429413 0.431322753429413 0.431322753429413 0.431322753429413 0.431322753429413 0.659803271293640 0.431322753429413 0.431322753429413 0.431322753429413 0.431322753429413 0.431322753429413 0.431322753429413 0.431322753429413 0.431322753429413 0.431322753429413 0.431322753429413 0.431322753429413 0.430427432060242 0.431322753429413
0.431322753429413 0.431322753429413 0.431322753429413 0.431322753429413 0.431322753429413 0.431322753429413 0.431322753429413 0.431322753429413 0.431322753429413 0.431322753429413 0.431322753429413 0.431322753429413 0.431322753429413 0.431322753429413 0.431322753429413 0.431322753429413 0.431322753429413 0.431322753429413 0.431322753429413 0.431322753429413 0.431322753429413 0.431322753429413 0.431322753429413 0.431322753429413 0.431322753429413
0.515140712261200 0.431322753429413 0.431322753429413 0.431322753429413 0.431322753429413 0.431322753429413 0.431322753429413 0.431322753429413 0.431322753429413 0.431322753429413 0.431322753429413 0.431322753429413 0.431322753429413 0.431322753429413 0.431322753429413 0.431322753429413 0.431322753429413 0.431322753429413 0.431322753429413 0.431322753429413 0.431322753429413 0.431322753429413 0.431322753429413 0.431322753429413 0.431322753429413
0.431322753429413 0.431322753429413 0.431322753429413 0.351965278387070 0.431322753429413 0.431322753429413 0.431322753429413 0.431322753429413 0.431322753429413 0.431322753429413 0.431322753429413 0.431322753429413 0.431322753429413 0.431322753429413 0.431322753429413 0.431322753429413 0.431322753429413 0.431322753429413 0.431322753429413 0.431322753429413 0.431322753429413 0.431322753429413 0.431322753429413 0.431322753429413 0.431322753429413
0.431322753429413 0.431322753429413 0.431322753429413 0.431322753429413 0.431322753429413 0.431322753429413 0.431322753429413 0.431322753429413 0.431322753429413 0.431322753429413 0.431322753429413 0.431322753429413 0.431322753429413 0.431322753429413 0.431322753429413 0.431322753429413 0.431322753429413 0.431322753429413 0.431322753429413 0.431322753429413 0.431322753429413 0.431322753429413 0.431322753429413 0.431322753429413 0.431322753429413
0.431322753429413 0.431322753429413 0.431322753429413 0.431322753429413 0.431322753429413 0.794046640396118 0.431322753429413 0.431322753429413 0.431322753429413 0.431322753429413 0.431322753429413 0.431322753429413 0.431322753429413 0.431322753429413 0.431322753429413 0.431322753429413 0.431322753429413 0.431322753429413 0.431322753429413 0.431322753429413 0.431322753429413 0.431322753429413 0.431322753429413 0.431322753429413 0.431322753429413
0.431322753429413 0.431322753429413 0.431322753429413 0.431322753429413 0.431322753429413 0.431322753429413 0.431322753429413 0.431322753429413 0.431322753429413 0.431322753429413 0.431322753429413 0.431322753429413 0.431322753429413 0.431322753429413 0.431322753429413 0.431322753429413 0.431322753429413 0.431322753429413 0.431322753429413 0.431322753429413 0.431322753429413 0.431322753429413 0.431322753429413 0.431322753429413 0.431322753429413
0.431322753429413 0.431322753429413 0.431322753429413 0.431322753429413 0.431322753429413 0.431322753429413 0.431322753429413 0.431322753429413 0.431322753429413 0.431322753429413 0.431322753429413 0.431322753429413 0.431322753429413 0.431322753429413 0.431322753429413 0.431322753429413 0.431322753429413 0.431322753429413 0.431322753429413 0.431322753429413 0.431322753429413 0.431322753429413 0.431322753429413 0.431322753429413 0.431322753429413
0.431322753429413 0.431322753429413 0.431322753429413 0.431322753429413 0.431322753429413 0.431322753429413 0.431322753429413 0.431322753429413 0.431322753429413 0.431322753429413 0.431322753429413 0.431322753429413 0.431322753429413 0.431322753429413 0.431322753429413 0.431322753429413 0.431322753429413 0.431322753429413 0.431322753429413 0.431322753429413 0.431322753429413 0.431322753429413 0.431322753429413 0.431322753429413 0.431322753429413
0.431322753429413 0.431322753429413 0.431322753429413 0.431322753429413 0.431322753429413 0.431322753429413 0.431322753429413 0.431322753429413 0.431322753429413 0.773598074913025 0.431322753429413 0.431322753429413 0.431322753429413 0.431322753429413 0.431322753429413 0.431322753429413 0.431322753429413 0.431322753429413 0.431322753429413 0.431322753429413 0.431322753429413 0.431322753429413 0.431322753429413 0.431322753429413 0.431322753429413
0.431322753429413 0.431322753429413 0.431322753429413 0.431322753429413 0.431322753429413 0.431322753429413 0.431322753429413 0.431322753429413 0.431322753429413 0.431322753429413 0.431322753429413 0.431322753429413 0.431322753429413 0.431322753429413 0.431322753429413 0.431322753429413 0.431322753429413 0.431322753429413 0.431322753429413 0.431322753429413 0.431322753429413 0.431322753429413 0.431322753429413 0.431322753429413 0.431322753429413
0.431322753429413 0.431322753429413 0.431322753429413 0.431322753429413 0.431322753429413 0.431322753429413 0.431322753429413 0.431322753429413 0.431322753429413 0.431322753429413 0.431322753429413 0.431322753429413 0.431322753429413 0.431322753429413 0.431322753429413 0.431322753429413 0.431322753429413 0.431322753429413 0.431322753429413 0.431322753429413 0.431322753429413 0.431322753429413 0.431322753429413 0.431322753429413 0.431322753429413
0.431322753429413 0.431322753429413 0.431322753429413 0.431322753429413 0.431322753429413 0.431322753429413 0.431322753429413 0.431322753429413 0.431322753429413 0.431322753429413 0.431322753429413 0.431322753429413 0.431322753429413 0.431322753429413 0.431322753429413 0.431322753429413 0.431322753429413 0.431322753429413 0.431322753429413 0.431322753429413 0.431322753429413 0.431322753429413 0.431322753429413 0.431322753429413 0.431322753429413
0.431322753429413 0.431322753429413 0.431322753429413 0.431322753429413 0.431322753429413 0.431322753429413 0.431322753429413 0.431322753429413 0.431322753429413 0.431322753429413 0.431322753429413 0.431322753429413 0.431322753429413 0.431322753429413 0.431322753429413 0.431322753429413 0.431322753429413 0.431322753429413 0.431322753429413 0.431322753429413 0.431322753429413 0.431322753429413 0.431322753429413 0.431322753429413 0.431322753429413
0.431322753429413 0.431322753429413 0.431322753429413 0.431322753429413 0.431322753429413 0.431322753429413 0.431322753429413 0.431322753429413 0.431322753429413 0.431322753429413 0.431322753429413 0.431322753429413 0.431322753429413 0.431322753429413 0.431322753429413 0.431322753429413 0.431322753429413 0.431322753429413 0.431322753429413 0.431322753429413 0.431322753429413 0.431322753429413 0.431322753429413 0.431322753429413 0.431322753429413
0.431322753429413 0.431322753429413 0.431322753429413 0.431322753429413 0.431322753429413 0.431322753429413 0.431322753429413 0.431322753429413 0.431322753429413 0.431322753429413 0.431322753429413 0.431322753429413 0.431322753429413 0.431322753429413 0.431322753429413 0.431322753429413 0.431322753429413 0.431322753429413 0.431322753429413 0.431322753429413 0.431322753429413 0.431322753429413 0.431322753429413 0.431322753429413 0.431322753429413
0.431322753429413 0.431322753429413 0.431322753429413 0.431322753429413 0.431322753429413 0.431322753429413 0.431322753429413 0.431322753429413 0.431322753429413 0.431322753429413 0.431322753429413 0.431322753429413 0.431322753429413 0.431322753429413 0.431322753429413 0.431322753429413 0.431322753429413 0.431322753429413 0.431322753429413 0.431322753429413 0.431322753429413 0.431322753429413 0.431322753429413 0.431322753429413 0.431322753429413
0.431322753429413 0.431322753429413 0.431322753429413 0.431322753429413 0.431322753429413 0.431322753429413 0.431322753429413 0.431322753429413 0.431322753429413 0.431322753429413 0.431322753429413 0.431322753429413 0.431322753429413 0.431322753429413 0.431322753429413 0.431322753429413 0.431322753429413 0.431322753429413 0.431322753429413 0.431322753429413 0.431322753429413 0.431322753429413 0.431322753429413 0.431322753429413 0.431322753429413
0.431322753429413 0.431322753429413 0.431322753429413 0.431322753429413 0.431322753429413 0.431322753429413 0.431322753429413 0.431322753429413 0.431322753429413 0.431322753429413 0.431322753429413 0.431322753429413 0.431322753429413 0.431322753429413 0.431322753429413 0.431322753429413 0.431322753429413 0.431322753429413 0.431322753429413 0.431322753429413 0.431322753429413 0.431322753429413 0.431322753429413 0.431322753429413 0.431322753429413
0.431322753429413 0.431322753429413 0.431322753429413 0.431322753429413 0.431322753429413 0.431322753429413 0.431322753429413 0.431322753429413 0.431322753429413 0.431322753429413 0.431322753429413 0.431322753429413 0.431322753429413 0.431322753429413 0.431322753429413 0.431322753429413 0.431322753429413 0.431322753429413 0.431322753429413 0.431322753429413 0.431322753429413 0.431322753429413 0.431322753429413 0.431322753429413 0.431322753429413
0.431322753429413 0.431322753429413 0.431322753429413 0.431322753429413 0.431322753429413 0.431322753429413 0.431322753429413 0.431322753429413 0.431322753429413 0.431322753429413 0.431322753429413 0.431322753429413 0.431322753429413 0.431322753429413 0.431322753429413 0.431322753429413 0.431322753429413 0.431322753429413 0.431322753429413 0.431322753429413 0.431322753429413 0.431322753429413 0.431322753429413 0.431322753429413 0.431322753429413
0.431322753429413 0.677726209163666 0.200273618102074 0.431322753429413 0.860746264457703 0.431322753429413 0.431322753429413 0.431322753429413 0.751089096069336 0.431322753429413 0.431322753429413 0.431322753429413 0.431322753429413 0.431322753429413 0.431322753429413 0.431322753429413 0.431322753429413 0.431322753429413 0.431322753429413 0.431322753429413 0.431322753429413 0.431322753429413 0.431322753429413 0.431322753429413 0.431322753429413
0.431322753429413 0.431322753429413 0.431322753429413 0.431322753429413 0.431322753429413 0.431322753429413 0.431322753429413 0.431322753429413 0.431322753429413 0.431322753429413 0.431322753429413 0.431322753429413 0.431322753429413 0.431322753429413 0.431322753429413 0.431322753429413 0.431322753429413 0.431322753429413 0.431322753429413 0.431322753429413 0.431322753429413 0.431322753429413 0.431322753429413 0.431322753429413 0.431322753429413
0.431322753429413 0.431322753429413 0.431322753429413 0.431322753429413 0.431322753429413 0.431322753429413 0.431322753429413 0.431322753429413 0.431322753429413 0.431322753429413 0.431322753429413 0.431322753429413 0.431322753429413 0.431322753429413 0.431322753429413 0.431322753429413 0.431322753429413 0.431322753429413 0.431322753429413 0.431322753429413 0.431322753429413 0.431322753429413 0.431322753429413 0.431322753429413 0.431322753429413
0.431322753429413 0.431322753429413 0.431322753429413 0.431322753429413 0.431322753429413 0.431322753429413 0.431322753429413 0.431322753429413 0.431322753429413 0.431322753429413 0.431322753429413 0.431322753429413 0.431322753429413 0.431322753429413 0.431322753429413 0.431322753429413 0.431322753429413 0.431322753429413 0.431322753429413 0.431322753429413 0.431322753429413 0.431322753429413 0.431322753429413 0.431322753429413 0.431322753429413
0.431322753429413 0.431322753429413 0.431322753429413 0.431322753429413 0.431322753429413 0.431322753429413 0.431322753429413 0.431322753429413 0.431322753429413 0.431322753429413 0.431322753429413 0.431322753429413 0.431322753429413 0.431322753429413 0.431322753429413 0.431322753429413 0.431322753429413 0.431322753429413 0.431322753429413 0.431322753429413 0.431322753429413 0.431322753429413 0.431322753429413 0.431322753429413 0.431322753429413
