0.472135633230209 0.431322753429413 0.431322753429413 0.431322753429413 0.431322753429413 0.431322753429413 0.431322753429413 0.431322753429413 0.431322753429413 0.431322753429413 0.431322753429413 0.431322753429413 0.431322753429413 0.431322753429413 0.431322753429413 0.431322753429413 0.431322753429413 0.431322753429413 0.431322753429413 0.431322753429413 0.431322753429413 0.431322753429413 0.431322753429413 0.431322753429413 0.431322753429413
0.431322753429413 -0.010403570719063 0.431322753429413 0.431322753429413 0.431322753429413 0.431322753429413 0.431322753429413 0.431322753429413 0.431322753429413 0.431322753429413 0.431322753429413 0.431322753429413 0.431322753429413 0.431322753429413 0.431322753429413 0.431322753429413 0.431322753429413 0.431322753429413 0.431322753429413 0.431322753429413 0.431322753429413 0.431322753429413 0.431322753429413 0.431322753429413 0.431322753429413
0.431322753429413 0.431322753429413 0.463543921709061 0.431322753429413 0.431322753429413 0.431322753429413 0.431322753429413 0.431322753429413 0.431322753429413 0.431322753429413 0.431322753429413 0.431322753429413 0.431322753429413 0.431322753429413 0.431322753429413 0.431322753429413 0.431322753429413 0.431322753429413 0.431322753429413 0.431322753429413 0.431322753429413 0.431322753429413 0.431322753429413 0.431322753429413 0.431322753429413
0.431322753429413 0.431322753429413 0.431322753429413 1.431357860565186 0.431322753429413 0.431322753429413 0.431322753429413 0.431322753429413 0.431322753429413 0.431322753429413 0.431322753429413 0.431322753429413 0.431322753429413 0.431322753429413 0.431322753429413 0.431322753429413 0.431322753429413 0.431322753429413 0.431322753429413 0.431322753429413 0.431322753429413 0.431322753429413 0.431322753429413 0.431322753429413 0.431322753429413
0.431322753429413 0.431322753429413 0.431322753429413 0.431322753429413 0.227534964680672 0.431322753429413 0.431322753429413 0.431322753429413 0.431322753429413 0.431322753429413 0.431322753429413 0.431322753429413 0.431322753429413 0.431322753429413 0.431322753429413 0.431322753429413 0.431322753429413 0.431322753429413 0.431322753429413 0.431322753429413 0.431322753429413 0.431322753429413 0.431322753429413 0.431322753429413 0.431322753429413
0.431322753429413 0.431322753429413 0.431322753429413 0.431322753429413 0.431322753429413 0.237087115645409 0.431322753429413 0.431322753429413 0.431322753429413 0.431322753429413 0.431322753429413 0.431322753429413 0.431322753429413 0.431322753429413 0.431322753429413 0.431322753429413 0.431322753429413 0.431322753429413 0.431322753429413 0.431322753429413 0.431322753429413 0.431322753429413 0.431322753429413 0.431322753429413 0.431322753429413
0.431322753429413 0.431322753429413 0.431322753429413 0.431322753429413 0.431322753429413 0.431322753429413 0.163890942931175 0.431322753429413 0.431322753429413 0.431322753429413 0.431322753429413 0.431322753429413 0.431322753429413 0.431322753429413 0.431322753429413 0.431322753429413 0.431322753429413 0.431322753429413 0.431322753429413 0.431322753429413 0.431322753429413 0.431322753429413 0.431322753429413 0.431322753429413 0.431322753429413
0.431322753429413 0.431322753429413 0.431322753429413 0.431322753429413 0.431322753429413 0.431322753429413 0.431322753429413 0.292503088712692 0.431322753429413 0.431322753429413 0.431322753429413 0.431322753429413 0.431322753429413 0.431322753429413 0.431322753429413 0.431322753429413 0.431322753429413 0.431322753429413 0.431322753429413 0.431322753429413 0.431322753429413 0.431322753429413 0.431322753429413 0.431322753429413 0.431322753429413
0.431322753429413 0.431322753429413 0.431322753429413 0.431322753429413 0.431322753429413 0.431322753429413 0.431322753429413 0.431322753429413 0.376514911651611 0.431322753429413 0.431322753429413 0.431322753429413 0.431322753429413 0.431322753429413 0.431322753429413 0.431322753429413 0.431322753429413 0.431322753429413 0.431322753429413 0.431322753429413 0.431322753429413 0.431322753429413 0.431322753429413 0.431322753429413 0.431322753429413
0.431322753429413 0.431322753429413 0.431322753429413 0.431322753429413 0.431322753429413 0.431322753429413 0.431322753429413 0.431322753429413 0.431322753429413 0.008511553518474 0.431322753429413 0.431322753429413 0.431322753429413 0.431322753429413 0.431322753429413 0.431322753429413 0.431322753429413 0.431322753429413 0.431322753429413 0.431322753429413 0.431322753429413 0.431322753429413 0.431322753429413 0.431322753429413 0.431322753429413
0.431322753429413 0.431322753429413 0.431322753429413 0.431322753429413 0.431322753429413 0.431322753429413 0.431322753429413 0.431322753429413 0.431322753429413 0.431322753429413 0.297051131725311 0.431322753429413 0.431322753429413 0.431322753429413 0.431322753429413 0.431322753429413 0.431322753429413 0.431322753429413 0.431322753429413 0.431322753429413 0.431322753429413 0.431322753429413 0.431322753429413 0.431322753429413 0.431322753429413
0.431322753429413 0.431322753429413 0.431322753429413 0.431322753429413 0.431322753429413 0.431322753429413 0.431322753429413 0.431322753429413 0.431322753429413 0.431322753429413 0.431322753429413 0.339087009429932 0.431322753429413 0.431322753429413 0.431322753429413 0.431322753429413 0.431322753429413 0.431322753429413 0.431322753429413 0.431322753429413 0.431322753429413 0.431322753429413 0.431322753429413 0.431322753429413 0.431322753429413
0.431322753429413 0.431322753429413 0.431322753429413 0.431322753429413 0.431322753429413 0.431322753429413 0.431322753429413 0.431322753429413 0.431322753429413 0.431322753429413 0.431322753429413 0.431322753429413 1.172656178474426 0.431322753429413 0.431322753429413 0.431322753429413 0.431322753429413 0.431322753429413 0.431322753429413 0.431322753429413 0.431322753429413 0.431322753429413 0.431322753429413 0.431322753429413 0.431322753429413
0.431322753429413 0.431322753429413 0.431322753429413 0.431322753429413 0.431322753429413 0.431322753429413 0.431322753429413 0.431322753429413 0.431322753429413 0.431322753429413 0.431322753429413 0.431322753429413 0.431322753429413 0.610134601593018 0.431322753429413 0.431322753429413 0.431322753429413 0.431322753429413 0.431322753429413 0.431322753429413 0.431322753429413 0.431322753429413 0.431322753429413 0.431322753429413 0.431322753429413
0.431322753429413 0.431322753429413 0.431322753429413 0.431322753429413 0.431322753429413 0.431322753429413 0.431322753429413 0.431322753429413 0.431322753429413 0.431322753429413 0.431322753429413 0.431322753429413 0.431322753429413 0.431322753429413 0.695106863975525 0.431322753429413 0.431322753429413 0.431322753429413 0.431322753429413 0.431322753429413 0.431322753429413 0.431322753429413 0.431322753429413 0.431322753429413 0.431322753429413
0.431322753429413 0.431322753429413 0.431322753429413 0.431322753429413 0.431322753429413 0.431322753429413 0.431322753429413 0.431322753429413 0.431322753429413 0.431322753429413 0.431322753429413 0.431322753429413 0.431322753429413 0.431322753429413 0.431322753429413 0.754910051822662 0.431322753429413 0.431322753429413 0.431322753429413 0.431322753429413 0.431322753429413 0.431322753429413 0.431322753429413 0.431322753429413 0.431322753429413
0.431322753429413 0.431322753429413 0.431322753429413 0.431322753429413 0.431322753429413 0.431322753429413 0.431322753429413 0.431322753429413 0.431322753429413 0.431322753429413 0.431322753429413 0.431322753429413 0.431322753429413 0.431322753429413 0.431322753429413 0.431322753429413 0.828792750835419 0.431322753429413 0.431322753429413 0.431322753429413 0.431322753429413 0.431322753429413 0.431322753429413 0.431322753429413 0.431322753429413
0.431322753429413 0.431322753429413 0.431322753429413 0.431322753429413 0.431322753429413 0.431322753429413 0.431322753429413 0.431322753429413 0.431322753429413 0.431322753429413 0.431322753429413 0.431322753429413 0.431322753429413 0.431322753429413 0.431322753429413 0.431322753429413 0.431322753429413 -0.087229013442993 0.431322753429413 0.431322753429413 0.431322753429413 0.431322753429413 0.431322753429413 0.431322753429413 0.431322753429413
0.431322753429413 0.431322753429413 0.431322753429413 0.431322753429413 0.431322753429413 0.431322753429413 0.431322753429413 0.431322753429413 0.431322753429413 0.431322753429413 0.431322753429413 0.431322753429413 0.431322753429413 0.431322753429413 0.431322753429413 0.431322753429413 0.431322753429413 0.431322753429413 0.432797700166702 0.431322753429413 0.431322753429413 0.431322753429413 0.431322753429413 0.431322753429413 0.431322753429413
0.431322753429413 0.431322753429413 0.431322753429413 0.431322753429413 0.431322753429413 0.431322753429413 0.431322753429413 0.431322753429413 0.431322753429413 0.431322753429413 0.431322753429413 0.431322753429413 0.431322753429413 0.431322753429413 0.431322753429413 0.431322753429413 0.431322753429413 0.431322753429413 0.431322753429413 0.881988942623138 0.431322753429413 0.431322753429413 0.431322753429413 0.431322753429413 0.431322753429413
0.431322753429413 0.431322753429413 0.431322753429413 0.431322753429413 0.431322753429413 0.431322753429413 0.431322753429413 0.431322753429413 0.431322753429413 0.431322753429413 0.431322753429413 0.431322753429413 0.431322753429413 0.431322753429413 0.431322753429413 0.431322753429413 0.431322753429413 0.431322753429413 0.431322753429413 0.431322753429413 0.963223814964294 0.431322753429413 0.431322753429413 0.431322753429413 0.431322753429413
0.431322753429413 0.431322753429413 0.431322753429413 0.431322753429413 0.431322753429413 0.431322753429413 0.431322753429413 0.431322753429413 0.431322753429413 0.431322753429413 0.431322753429413 0.431322753429413 0.431322753429413 0.431322753429413 0.431322753429413 0.431322753429413 0.431322753429413 0.431322753429413 0.431322753429413 0.431322753429413 0.431322753429413 1.277764320373535 0.431322753429413 0.431322753429413 0.431322753429413
0.431322753429413 0.431322753429413 0.431322753429413 0.431322753429413 0.431322753429413 0.431322753429413 0.431322753429413 0.431322753429413 0.431322753429413 0.431322753429413 0.431322753429413 0.431322753429413 0.431322753429413 0.431322753429413 0.431322753429413 0.431322753429413 0.431322753429413 0.431322753429413 0.431322753429413 0.431322753429413 0.431322753429413 0.431322753429413 0.724889993667603 0.431322753429413 0.431322753429413
0.431322753429413 0.431322753429413 0.431322753429413 0.431322753429413 0.431322753429413 0.431322753429413 0.431322753429413 0.431322753429413 0.431322753429413 0.431322753429413 0.431322753429413 0.431322753429413 0.431322753429413 0.431322753429413 0.431322753429413 0.431322753429413 0.431322753429413 0.431322753429413 0.431322753429413 0.431322753429413 0.431322753429413 0.431322753429413 0.431322753429413 0.115935854613781 0.431322753429413
0.431322753429413 0.431322753429413 0.431322753429413 0.431322753429413 0.431322753429413 0.431322753429413 0.431322753429413 0.431322753429413 0.431322753429413 0.431322753429413 0.431322753429413 0.431322753429413 0.431322753429413 0.431322753429413 0.431322753429413 0.431322753429413 0.431322753429413 0.431322753429413 0.431322753429413 0.431322753429413 0.431322753429413 0.431322753429413 0.431322753429413 0.431322753429413 0.149783819913864
0.431322753429413 1.341151237487793 0.431322753429413 0.431322753429413 0.431322753429413 0.431322753429413 0.431322753429413 0.431322753429413 0.431322753429413 0.431322753429413 0.431322753429413 0.431322753429413 0.730168938636780 0.431322753429413 0.431322753429413 0.431322753429413 0.901201069355011 0.431322753429413 0.431322753429413 0.431322753429413 0.431322753429413 0.431322753429413 0.431322753429413 0.431322753429413 0.431322753429413
0.431322753429413 0.431322753429413 0.431322753429413 0.431322753429413 0.431322753429413 0.431322753429413 0.431322753429413 0.431322753429413 0.431322753429413 0.431322753429413 0.431322753429413 0.431322753429413 0.431322753429413 0.431322753429413 0.431322753429413 0.431322753429413 0.431322753429413 0.431322753429413 0.431322753429413 0.431322753429413 0.352581769227982 0.431322753429413 0.431322753429413 0.431322753429413 0.431322753429413
0.431322753429413 0.431322753429413 0.431322753429413 0.431322753429413 0.431322753429413 0.431322753429413 0.431322753429413 0.431322753429413 0.431322753429413 0.431322753429413 0.431322753429413 0.431322753429413 0.431322753429413 0.431322753429413 0.431322753429413 0.431322753429413 0.431322753429413 0.431322753429413 0.431322753429413 0.431322753429413 1.137815237045288 0.431322753429413 0.431322753429413 0.431322753429413 0.431322753429413
0.431322753429413 0.431322753429413 1.015253305435181 0.431322753429413 0.431322753429413 0.431322753429413 0.431322753429413 0.431322753429413 0.431322753429413 0.431322753429413 0.431322753429413 0.431322753429413 0.431322753429413 0.431322753429413 0.431322753429413 0.431322753429413 0.431322753429413 0.431322753429413 0.431322753429413 0.431322753429413 0.431322753429413 0.431322753429413 0.431322753429413 0.431322753429413 0.431322753429413
0.431322753429413 0.431322753429413 0.431322753429413 0.431322753429413 0.431322753429413 0.431322753429413 0.431322753429413 0.431322753429413 0.431322753429413 0.431322753429413 0.431322753429413 0.431322753429413 0.431322753429413 0.431322753429413 0.431322753429413 0.431322753429413 0.431322753429413 0.431322753429413 0.431322753429413 0.431322753429413 0.510412752628326 0.431322753429413 0.431322753429413 0.431322753429413 0.431322753429413
0.431322753429413 0.431322753429413 0.431322753429413 0.431322753429413 1.683827161788940 0.431322753429413 -2.032226324081421 0.431322753429413 0.431322753429413 0.431322753429413 0.431322753429413 0.431322753429413 0.431322753429413 0.431322753429413 0.431322753429413 0.431322753429413 0.431322753429413 0.431322753429413 0.431322753429413 0.431322753429413 0.431322753429413 0.431322753429413 0.431322753429413 0.431322753429413 0.431322753429413
0.431322753429413 0.431322753429413 0.431322753429413 0.431322753429413 0.431322753429413 0.918945729732513 0.431322753429413 -0.163633167743683 0.431322753429413 0.431322753429413 0.431322753429413 0.431322753429413 0.431322753429413 0.431322753429413 0.431322753429413 0.431322753429413 0.431322753429413 0.431322753429413 0.431322753429413 0.431322753429413 0.431322753429413 0.431322753429413 0.431322753429413 0.431322753429413 0.431322753429413
0.431322753429413 0.431322753429413 0.431322753429413 0.431322753429413 0.431322753429413 0.431322753429413 2.138777017593384 0.431322753429413 0.431322753429413 0.431322753429413 0.431322753429413 0.431322753429413 0.431322753429413 0.431322753429413 0.431322753429413 0.431322753429413 0.431322753429413 0.431322753429413 0.431322753429413 0.431322753429413 0.431322753429413 0.431322753429413 0.100292772054672 0.431322753429413 0.431322753429413
0.431322753429413 0.431322753429413 0.431322753429413 0.431322753429413 0.431322753429413 0.431322753429413 0.431322753429413 0.431322753429413 0.431322753429413 0.431322753429413 0.431322753429413 0.431322753429413 0.431322753429413 0.431322753429413 0.431322753429413 0.431322753429413 0.431322753429413 0.431322753429413 0.431322753429413 0.431322753429413 0.426532506942749 0.431322753429413 0.431322753429413 0.431322753429413 0.431322753429413
0.431322753429413 0.431322753429413 0.431322753429413 0.431322753429413 0.431322753429413 0.431322753429413 0.431322753429413 0.431322753429413 1.624158978462219 0.431322753429413 -1.867492198944092 0.431322753429413 0.431322753429413 0.431322753429413 0.431322753429413 0.431322753429413 0.431322753429413 0.431322753429413 0.431322753429413 0.431322753429413 0.431322753429413 0.431322753429413 0.431322753429413 0.431322753429413 0.431322753429413
0.431322753429413 0.431322753429413 0.431322753429413 0.431322753429413 0.431322753429413 0.431322753429413 0.431322753429413 0.431322753429413 0.431322753429413 0.955210745334625 0.431322753429413 0.260780096054077 0.431322753429413 0.431322753429413 0.431322753429413 0.431322753429413 0.431322753429413 0.431322753429413 0.431322753429413 0.431322753429413 0.431322753429413 0.431322753429413 0.431322753429413 0.431322753429413 0.431322753429413
0.431322753429413 0.431322753429413 0.431322753429413 0.431322753429413 0.431322753429413 0.431322753429413 0.431322753429413 0.431322753429413 0.431322753429413 0.431322753429413 2.049430608749390 0.431322753429413 0.431322753429413 0.431322753429413 0.431322753429413 0.431322753429413 0.431322753429413 0.431322753429413 0.431322753429413 0.431322753429413 0.431322753429413 0.431322753429413 0.431322753429413 0.431322753429413 -1.144901871681213
0.276885211467743 0.431322753429413 0.431322753429413 0.431322753429413 0.431322753429413 0.431322753429413 0.431322753429413 0.431322753429413 0.431322753429413 0.431322753429413 0.431322753429413 0.431322753429413 0.431322753429413 1.193628907203674 0.431322753429413 0.431322753429413 0.431322753429413 0.431322753429413 0.431322753429413 0.431322753429413 0.431322753429413 0.431322753429413 0.431322753429413 0.431322753429413 0.431322753429413
0.431322753429413 0.431322753429413 0.431322753429413 0.431322753429413 0.431322753429413 0.431322753429413 0.431322753429413 0.431322753429413 0.431322753429413 0.431322753429413 0.431322753429413 0.431322753429413 1.242547750473022 0.431322753429413 0.207645580172539 0.431322753429413 0.431322753429413 0.431322753429413 0.431322753429413 0.431322753429413 0.431322753429413 0.431322753429413 0.431322753429413 0.431322753429413 0.431322753429413
0.431322753429413 0.431322753429413 0.431322753429413 0.431322753429413 0.431322753429413 0.431322753429413 0.431322753429413 0.431322753429413 0.431322753429413 0.431322753429413 0.431322753429413 0.431322753429413 0.431322753429413 -0.484841316938400 0.431322753429413 0.591171681880951 0.431322753429413 0.431322753429413 0.431322753429413 0.431322753429413 0.431322753429413 0.431322753429413 0.431322753429413 0.431322753429413 0.431322753429413
0.431322753429413 0.431322753429413 0.431322753429413 0.431322753429413 0.431322753429413 0.431322753429413 0.431322753429413 0.431322753429413 0.431322753429413 0.431322753429413 0.431322753429413 0.431322753429413 0.431322753429413 0.431322753429413 1.046524286270142 0.431322753429413 0.431322753429413 0.431322753429413 0.431322753429413 0.431322753429413 0.431322753429413 0.431322753429413 0.431322753429413 0.431322753429413 0.431322753429413
0.408382952213287 0.431322753429413 0.431322753429413 0.431322753429413 0.431322753429413 0.431322753429413 0.431322753429413 0.431322753429413 0.431322753429413 0.431322753429413 0.431322753429413 0.431322753429413 0.431322753429413 0.431322753429413 0.431322753429413 0.431322753429413 0.431322753429413 0.563157618045807 0.431322753429413 0.431322753429413 0.431322753429413 0.431322753429413 0.431322753429413 0.431322753429413 0.431322753429413
0.431322753429413 0.431322753429413 0.431322753429413 0.431322753429413 0.431322753429413 0.431322753429413 0.431322753429413 0.431322753429413 0.431322753429413 0.431322753429413 0.431322753429413 0.431322753429413 0.431322753429413 0.431322753429413 0.431322753429413 0.431322753429413 1.462598204612732 0.431322753429413 0.160890713334084 0.431322753429413 0.431322753429413 0.431322753429413 0.431322753429413 0.431322753429413 0.431322753429413
0.431322753429413 0.431322753429413 0.431322753429413 0.431322753429413 0.431322753429413 0.431322753429413 0.431322753429413 0.431322753429413 0.431322753429413 0.431322753429413 0.431322753429413 0.431322753429413 0.431322753429413 0.431322753429413 0.431322753429413 0.431322753429413 0.431322753429413 0.862580001354218 0.431322753429413 0.370132237672806 0.431322753429413 0.431322753429413 0.431322753429413 0.431322753429413 0.431322753429413
0.431322753429413 0.431322753429413 0.431322753429413 0.431322753429413 0.431322753429413 0.431322753429413 0.431322753429413 0.431322753429413 0.431322753429413 0.431322753429413 0.431322753429413 0.431322753429413 0.431322753429413 0.431322753429413 0.431322753429413 0.431322753429413 0.431322753429413 0.431322753429413 0.920561432838440 0.431322753429413 0.431322753429413 0.431322753429413 0.431322753429413 0.431322753429413 0.431322753429413
0.431322753429413 0.431322753429413 0.431322753429413 0.431322753429413 0.431322753429413 0.431322753429413 0.431322753429413 0.431322753429413 0.431322753429413 0.431322753429413 0.431322753429413 0.431322753429413 0.431322753429413 0.431322753429413 0.431322753429413 0.431322753429413 0.431322753429413 0.431322753429413 0.431322753429413 0.431322753429413 0.431322753429413 0.431322753429413 0.431322753429413 0.431322753429413 0.431322753429413
0.431322753429413 0.431322753429413 0.431322753429413 0.431322753429413 0.431322753429413 0.431322753429413 0.431322753429413 0.431322753429413 0.431322753429413 0.431322753429413 0.431322753429413 0.431322753429413 0.431322753429413 0.431322753429413 0.431322753429413 0.431322753429413 0.431322753429413 0.431322753429413 0.431322753429413 0.431322753429413 0.431322753429413 0.431322753429413 0.353155434131622 0.431322753429413 0.431322753429413
0.431322753429413 0.431322753429413 0.431322753429413 0.431322753429413 0.431322753429413 0.431322753429413 0.431322753429413 0.871981382369995 0.431322753429413 0.431322753429413 0.431322753429413 0.431322753429413 0.431322753429413 0.431322753429413 0.431322753429413 0.431322753429413 0.431322753429413 0.431322753429413 0.431322753429413 0.431322753429413 0.431322753429413 -0.167243137955666 0.431322753429413 0.431322753429413 0.431322753429413
0.431322753429413 0.431322753429413 0.431322753429413 0.431322753429413 0.431322753429413 0.431322753429413 0.431322753429413 0.431322753429413 0.431322753429413 0.431322753429413 0.431322753429413 0.431322753429413 0.431322753429413 0.431322753429413 0.431322753429413 0.431322753429413 0.431322753429413 0.431322753429413 0.431322753429413 0.431322753429413 0.431322753429413 0.431322753429413 0.431322753429413 0.431322753429413 1.901118755340576
0.431322753429413 0.431322753429413 0.431322753429413 0.431322753429413 0.431322753429413 0.431322753429413 0.431322753429413 0.431322753429413 0.431322753429413 0.431322753429413 0.431322753429413 0.536807239055634 0.431322753429413 0.431322753429413 0.431322753429413 0.431322753429413 0.431322753429413 0.431322753429413 0.431322753429413 0.431322753429413 0.431322753429413 0.431322753429413 0.431322753429413 0.761819124221802 0.431322753429413
0.431322753429413 0.431322753429413 0.431322753429413 0.431322753429413 0.431322753429413 0.431322753429413 0.431322753429413 0.431322753429413 0.431322753429413 0.431322753429413 0.431322753429413 0.431322753429413 0.431322753429413 0.431322753429413 0.431322753429413 0.431322753429413 0.431322753429413 0.431322753429413 0.431322753429413 0.431322753429413 0.431322753429413 0.431322753429413 0.431322753429413 0.431322753429413 0.431322753429413
1.067569017410278 0.431322753429413 0.431322753429413 0.431322753429413 0.431322753429413 0.431322753429413 0.431322753429413 0.431322753429413 0.431322753429413 0.431322753429413 0.431322753429413 0.431322753429413 0.431322753429413 0.431322753429413 0.431322753429413 0.431322753429413 0.431322753429413 0.431322753429413 0.431322753429413 0.431322753429413 0.431322753429413 0.431322753429413 0.431322753429413 0.431322753429413 0.431322753429413
0.431322753429413 0.431322753429413 0.431322753429413 -1.076573371887207 0.431322753429413 0.431322753429413 0.431322753429413 0.431322753429413 0.431322753429413 0.431322753429413 0.431322753429413 0.431322753429413 0.431322753429413 0.431322753429413 0.431322753429413 0.431322753429413 0.431322753429413 0.431322753429413 0.431322753429413 0.431322753429413 0.431322753429413 0.431322753429413 0.431322753429413 0.431322753429413 0.431322753429413
0.431322753429413 0.431322753429413 0.431322753429413 0.431322753429413 0.431322753429413 0.431322753429413 0.431322753429413 0.431322753429413 0.431322753429413 0.431322753429413 0.431322753429413 0.431322753429413 0.431322753429413 0.431322753429413 0.431322753429413 0.431322753429413 0.431322753429413 0.431322753429413 0.431322753429413 0.431322753429413 0.431322753429413 0.431322753429413 0.431322753429413 0.431322753429413 0.431322753429413
0.431322753429413 0.431322753429413 0.431322753429413 0.431322753429413 0.431322753429413 0.982737123966217 0.431322753429413 0.431322753429413 0.431322753429413 0.431322753429413 0.431322753429413 0.431322753429413 0.431322753429413 0.431322753429413 0.431322753429413 0.431322753429413 0.431322753429413 0.431322753429413 0.431322753429413 0.431322753429413 0.431322753429413 0.431322753429413 0.431322753429413 0.431322753429413 0.431322753429413
0.431322753429413 0.431322753429413 0.431322753429413 0.431322753429413 0.431322753429413 0.431322753429413 0.431322753429413 0.431322753429413 0.431322753429413 0.431322753429413 0.431322753429413 0.431322753429413 0.431322753429413 0.431322753429413 0.431322753429413 0.431322753429413 0.431322753429413 0.431322753429413 0.431322753429413 0.431322753429413 0.431322753429413 0.431322753429413 0.431322753429413 0.431322753429413 0.431322753429413
0.431322753429413 0.431322753429413 0.431322753429413 0.431322753429413 0.431322753429413 0.431322753429413 0.431322753429413 0.431322753429413 0.431322753429413 0.431322753429413 0.431322753429413 0.431322753429413 0.431322753429413 0.431322753429413 0.431322753429413 0.431322753429413 0.431322753429413 0.431322753429413 0.431322753429413 0.431322753429413 0.431322753429413 0.431322753429413 0.431322753429413 0.431322753429413 0.431322753429413
0.431322753429413 0.431322753429413 0.431322753429413 0.431322753429413 0.431322753429413 0.431322753429413 0.431322753429413 0.431322753429413 0.431322753429413 0.431322753429413 0.431322753429413 0.431322753429413 0.431322753429413 0.431322753429413 0.431322753429413 0.431322753429413 0.431322753429413 0.431322753429413 0.431322753429413 0.431322753429413 0.431322753429413 0.431322753429413 0.431322753429413 0.431322753429413 0.431322753429413
0.431322753429413 0.431322753429413 0.431322753429413 0.431322753429413 0.431322753429413 0.431322753429413 0.431322753429413 0.431322753429413 0.431322753429413 0.863321125507355 0.431322753429413 0.431322753429413 0.431322753429413 0.431322753429413 0.431322753429413 0.431322753429413 0.431322753429413 0.431322753429413 0.431322753429413 0.431322753429413 0.431322753429413 0.431322753429413 0.431322753429413 0.431322753429413 0.431322753429413
0.431322753429413 0.431322753429413 0.431322753429413 0.431322753429413 0.431322753429413 0.431322753429413 0.431322753429413 0.431322753429413 0.431322753429413 0.431322753429413 0.431322753429413 0.431322753429413 0.431322753429413 0.431322753429413 0.431322753429413 0.431322753429413 0.431322753429413 0.431322753429413 0.431322753429413 0.431322753429413 0.431322753429413 0.431322753429413 0.431322753429413 0.431322753429413 0.431322753429413
0.431322753429413 0.431322753429413 0.431322753429413 0.431322753429413 0.431322753429413 0.431322753429413 0.431322753429413 0.431322753429413 0.431322753429413 0.431322753429413 0.431322753429413 0.431322753429413 0.431322753429413 0.431322753429413 0.431322753429413 0.431322753429413 0.431322753429413 0.431322753429413 0.431322753429413 0.431322753429413 0.431322753429413 0.431322753429413 0.431322753429413 0.431322753429413 0.431322753429413
0.431322753429413 0.431322753429413 0.431322753429413 0.431322753429413 0.431322753429413 0.431322753429413 0.431322753429413 0.431322753429413 0.431322753429413 0.431322753429413 0.431322753429413 0.431322753429413 0.431322753429413 0.431322753429413 0.431322753429413 0.431322753429413 0.431322753429413 0.431322753429413 0.431322753429413 0.431322753429413 0.431322753429413 0.431322753429413 0.431322753429413 0.431322753429413 0.431322753429413
0.431322753429413 0.431322753429413 0.431322753429413 0.431322753429413 0.431322753429413 0.431322753429413 0.431322753429413 0.431322753429413 0.431322753429413 0.431322753429413 0.431322753429413 0.431322753429413 0.431322753429413 0.431322753429413 0.431322753429413 0.431322753429413 0.431322753429413 0.431322753429413 0.431322753429413 0.431322753429413 0.431322753429413 0.431322753429413 0.431322753429413 0.431322753429413 0.431322753429413
0.431322753429413 0.431322753429413 0.431322753429413 0.431322753429413 0.431322753429413 0.431322753429413 0.431322753429413 0.431322753429413 0.431322753429413 0.431322753429413 0.431322753429413 0.431322753429413 0.431322753429413 0.431322753429413 0.431322753429413 0.431322753429413 0.431322753429413 0.431322753429413 0.431322753429413 0.431322753429413 0.431322753429413 0.431322753429413 0.431322753429413 0.431322753429413 0.431322753429413
0.431322753429413 0.431322753429413 0.431322753429413 0.431322753429413 0.431322753429413 0.431322753429413 0.431322753429413 0.431322753429413 0.431322753429413 0.431322753429413 0.431322753429413 0.431322753429413 0.431322753429413 0.431322753429413 0.431322753429413 0.431322753429413 0.431322753429413 0.431322753429413 0.431322753429413 0.431322753429413 0.431322753429413 0.431322753429413 0.431322753429413 0.431322753429413 0.431322753429413
0.431322753429413 0.431322753429413 0.431322753429413 0.431322753429413 0.431322753429413 0.431322753429413 0.431322753429413 0.431322753429413 0.431322753429413 0.431322753429413 0.431322753429413 0.431322753429413 0.431322753429413 0.431322753429413 0.431322753429413 0.431322753429413 0.431322753429413 0.431322753429413 0.431322753429413 0.431322753429413 0.431322753429413 0.431322753429413 0.431322753429413 0.431322753429413 0.431322753429413
0.431322753429413 0.431322753429413 0.431322753429413 0.431322753429413 0.431322753429413 0.431322753429413 0.431322753429413 0.431322753429413 0.431322753429413 0.431322753429413 0.431322753429413 0.431322753429413 0.431322753429413 0.431322753429413 0.431322753429413 0.431322753429413 0.431322753429413 0.431322753429413 0.431322753429413 0.431322753429413 0.431322753429413 0.431322753429413 0.431322753429413 0.431322753429413 0.431322753429413
0.431322753429413 0.431322753429413 0.431322753429413 0.431322753429413 0.431322753429413 0.431322753429413 0.431322753429413 0.431322753429413 0.431322753429413 0.431322753429413 0.431322753429413 0.431322753429413 0.431322753429413 0.431322753429413 0.431322753429413 0.431322753429413 0.431322753429413 0.431322753429413 0.431322753429413 0.431322753429413 0.431322753429413 0.431322753429413 0.431322753429413 0.431322753429413 0.431322753429413
0.431322753429413 0.431322753429413 0.431322753429413 0.431322753429413 0.431322753429413 0.431322753429413 0.431322753429413 0.431322753429413 0.431322753429413 0.431322753429413 0.431322753429413 0.431322753429413 0.431322753429413 0.431322753429413 0.431322753429413 0.431322753429413 0.431322753429413 0.431322753429413 0.431322753429413 0.431322753429413 0.431322753429413 0.431322753429413 0.431322753429413 0.431322753429413 0.431322753429413
0.431322753429413 0.431322753429413 0.431322753429413 0.431322753429413 0.431322753429413 0.431322753429413 0.431322753429413 0.431322753429413 0.431322753429413 0.431322753429413 0.431322753429413 0.431322753429413 0.431322753429413 0.431322753429413 0.431322753429413 0.431322753429413 0.431322753429413 0.431322753429413 0.431322753429413 0.431322753429413 0.431322753429413 0.431322753429413 0.431322753429413 0.431322753429413 0.431322753429413
0.431322753429413 1.051240682601929 0.647246181964874 0.431322753429413 1.869282126426697 0.431322753429413 0.431322753429413 0.431322753429413 1.767783284187317 0.431322753429413 0.431322753429413 0.431322753429413 0.431322753429413 0.431322753429413 0.431322753429413 0.431322753429413 0.431322753429413 0.431322753429413 0.431322753429413 0.431322753429413 0.431322753429413 0.431322753429413 0.431322753429413 0.431322753429413 0.431322753429413
0.431322753429413 0.431322753429413 0.431322753429413 0.431322753429413 0.431322753429413 0.431322753429413 0.431322753429413 0.431322753429413 0.431322753429413 0.431322753429413 0.431322753429413 0.431322753429413 0.431322753429413 0.431322753429413 0.431322753429413 0.431322753429413 0.431322753429413 0.431322753429413 0.431322753429413 0.431322753429413 0.431322753429413 0.431322753429413 0.431322753429413 0.431322753429413 0.431322753429413
0.431322753429413 0.431322753429413 0.431322753429413 0.431322753429413 0.431322753429413 0.431322753429413 0.431322753429413 0.431322753429413 0.431322753429413 0.431322753429413 0.431322753429413 0.431322753429413 0.431322753429413 0.431322753429413 0.431322753429413 0.431322753429413 0.431322753429413 0.431322753429413 0.431322753429413 0.431322753429413 0.431322753429413 0.431322753429413 0.431322753429413 0.431322753429413 0.431322753429413
0.431322753429413 0.431322753429413 0.431322753429413 0.431322753429413 0.431322753429413 0.431322753429413 0.431322753429413 0.431322753429413 0.431322753429413 0.431322753429413 0.431322753429413 0.431322753429413 0.431322753429413 0.431322753429413 0.431322753429413 0.431322753429413 0.431322753429413 0.431322753429413 0.431322753429413 0.431322753429413 0.431322753429413 0.431322753429413 0.431322753429413 0.431322753429413 0.431322753429413
0.431322753429413 0.431322753429413 0.431322753429413 0.431322753429413 0.431322753429413 0.431322753429413 0.431322753429413 0.431322753429413 0.431322753429413 0.431322753429413 0.431322753429413 0.431322753429413 0.431322753429413 0.431322753429413 0.431322753429413 0.431322753429413 0.431322753429413 0.431322753429413 0.431322753429413 0.431322753429413 0.431322753429413 0.431322753429413 0.431322753429413 0.431322753429413 0.431322753429413
