0.435108959674835
0.316926926374435
0.100447639822960
0.274698764085770
0.381726652383804
0.273877769708633
0.487730085849762
0.516480445861816
0.445355325937271
0.288475155830383
0.306502997875214
0.420615643262863
0.400823056697845
0.321105211973190
0.535446107387543
0.308634996414185
0.471093922853470
0.276805013418198
0.624897897243500
0.198446705937386
0.077418431639671
0.234845533967018
0.430827677249908
0.175897538661957
0.419545650482178
0.305154591798782
0.362942636013031
0.263771623373032
0.361932784318924
0.155114859342575
0.375023186206818
0.468377828598022
0.253555715084076
0.412826180458069
0.438257664442062
0.361090928316116
0.457658737897873
0.440992593765259
0.319869756698608
0.419340640306473
0.418042540550232
0.446040749549866
0.420180797576904
0.319268673658371
0.342028886079788
0.317543566226959
0.501558423042297
0.301863610744476
0.611468374729156
0.469701081514359
0.293779551982880
0.154398992657661
0.585490465164185
0.193793296813965
0.279619961977005
0.364638179540634
0.463433593511581
0.408512592315674
0.513425886631012
0.082009702920914
0.393156617879868
0.332882463932037
0.267156839370728
0.309417456388474
0.695468723773956
0.379539251327515
0.453158020973206
0.499553948640823
0.307468980550766
0.400556355714798
0.632446527481079
0.403370261192322
0.559644639492035
0.041177354753017
0.409274071455002
0.306266099214554
0.361457079648972
0.079280771315098
0.311308950185776
0.281063228845596
0.542411863803864
0.420791834592819
0.420301079750061
0.301451712846756
0.453896731138229
0.446146160364151
0.295060604810715
0.372772514820099
0.409130752086639
0.334834128618240
0.516113519668579
0.461975485086441
0.465827614068985
0.489902913570404
0.359365224838257
0.385078758001328
0.296355634927750
0.441320627927780
0.235757619142532
0.231823414564133
0.206758305430412
0.434869289398193
0.371363222599030
0.224402442574501
0.557482719421387
0.406676590442657
0.440877735614777
0.416279733181000
0.369973361492157
0.351606249809265
0.702608048915863
0.259716629981995
0.056248750537634
0.459909588098526
0.029431600123644
0.219166755676270
0.133334577083588
0.379701256752014
0.348981142044067
0.403256118297577
0.403524309396744
0.257870197296143
0.538902878761292
0.434119105339050
0.130890920758247
0.479486018419266
0.503070175647736
0.274544358253479
