0.001367944991216
-0.015544597990811
-0.077907256782055
-0.131262555718422
-0.131691202521324
0.046976935118437
0.513856232166290
-0.161832660436630
0.293223202228546
-0.101323388516903
0.398259043693542
-0.052941758185625
-0.107892900705338
-0.133646100759506
-0.073831953108311
-0.321100085973740
-0.163345962762833
-0.174358278512955
0.033701267093420
0.086999103426933
-0.049647554755211
-0.032164946198463
0.007445802912116
-0.117320492863655
-0.017343273386359
0.083578385412693
0.032443415373564
0.090416148304939
-0.146199941635132
-0.000323210435454
-0.047914460301399
0.021473256871104
-0.012341998517513
-0.064845733344555
-0.041562937200069
-0.066822864115238
-0.135750755667686
-0.279502302408218
-0.055595006793737
-0.058797970414162
-0.019293002784252
0.034975115209818
-0.097605302929878
0.127098068594933
0.008977683261037
-0.155387595295906
-0.221922263503075
0.037122968584299
-0.085000202059746
0.012671277858317
-0.106934428215027
0.034614648669958
-0.185413643717766
-0.254697352647781
-0.097494006156921
0.020331965759397
0.088599257171154
-0.111065395176411
-0.066088847815990
-0.080923624336720
-0.122768417000771
0.056743863970041
0.067257054150105
-0.080985970795155
