0.010996101424098
-0.047766044735909
-0.080600194633007
0.020996619015932
0.030899658799171
-0.064949788153172
-0.026992630213499
-0.018843697384000
-0.067448571324348
0.009338771924376
-0.236466839909554
0.037504252046347
-0.091323994100094
-0.168345257639885
0.012902886606753
-0.065811805427074
0.074535906314850
-0.083643384277821
-0.018949853256345
-0.087184071540833
0.078861676156521
-0.104039318859577
-0.042036045342684
-0.018878260627389
-0.049024358391762
-0.056754250079393
-0.098869279026985
-0.000186707504326
0.084916383028030
-0.089606381952763
-0.162385001778603
0.042818762362003
-0.300882816314697
-0.045065108686686
-0.015089371241629
-0.015237391926348
-0.011495242826641
-0.002513213781640
-0.069266013801098
-0.003965444397181
-0.105057068169117
-0.074813731014729
-0.057744041085243
0.111596703529358
-0.221139490604401
-0.170380353927612
0.008906358852983
-0.210667625069618
-0.030665237456560
-0.198820188641548
-0.012761214748025
0.024413255974650
-0.190036937594414
-0.019838603213429
0.017152519896626
-0.064053475856781
-0.051787123084068
-0.048199858516455
-0.028594447299838
-0.016573563218117
0.025612093508244
0.063782870769501
-0.004779298324138
-0.008087063208222
-0.044257525354624
-0.080454081296921
-0.115696996450424
0.031276546418667
-0.046543013304472
-0.023387700319290
-0.024493832141161
-0.032191500067711
-0.054918862879276
0.018465435132384
-0.052715469151735
-0.091632470488548
-0.245968118309975
-0.084790676832199
-0.091953963041306
0.060577012598515
-0.096795506775379
-0.084780514240265
0.048240810632706
0.007010599132627
-0.062224376946688
0.071772225201130
-0.120078839361668
-0.059964895248413
-0.297004699707031
-0.089915886521339
0.015750266611576
-0.057159949094057
0.023537764325738
-0.019191630184650
-0.074330084025860
-0.044965997338295
-0.022589512169361
-0.084393396973610
-0.124723061919212
-0.023488322272897
-0.020589392632246
0.047781202942133
-0.022945115342736
0.025670269504189
-0.084131531417370
-0.080494567751884
0.100882515311241
-0.196136131882668
0.058459281921387
-0.098584018647671
0.022773569449782
0.004805644974113
-0.072814054787159
-0.077932715415955
-0.063770569860935
-0.027534978464246
-0.043840702623129
-0.071289062500000
-0.051946848630905
-0.003435110440478
-0.084643445909023
-0.031198794022202
0.042990516871214
-0.331093996763229
-0.058054197579622
-0.104177184402943
-0.006198638118804
0.053261980414391
-0.226166725158691
-0.060929924249649
-0.035789791494608
0.073506660759449
0.031015831977129
-0.015060067176819
-0.093429341912270
-0.052757084369659
-0.048736698925495
0.001864458317868
0.004666905384511
-0.075589641928673
-0.196248695254326
-0.062040120363235
0.009757612831891
-0.053665980696678
-0.018600743263960
-0.142615810036659
0.007707263343036
0.034223109483719
-0.024863626807928
0.023940410465002
-0.089771650731564
-0.065622873604298
0.025110317394137
-0.068664491176605
-0.040298435837030
0.016919851303101
0.050108052790165
0.040623240172863
-0.027388207614422
-0.049358338117599
-0.003077055793256
-0.091181345283985
-0.007080386392772
-0.123161815106869
-0.195509746670723
-0.038589637726545
0.013443571515381
0.017236879095435
-0.067595429718494
-0.040572695434093
-0.119911737740040
0.013613497838378
-0.029532989487052
-0.006014185957611
-0.009062862955034
-0.034999467432499
-0.015120659954846
-0.017196401953697
-0.111708581447601
-0.019144259393215
-0.014012585394084
-0.018615934997797
-0.059694770723581
-0.027014404535294
0.012423890642822
-0.032816618680954
-0.059665702283382
-0.108672305941582
-0.062761545181274
-0.071118503808975
-0.092896543443203
-0.038441222161055
-0.008462477475405
0.003957333508879
-0.033503510057926
0.005719648208469
0.039984077215195
-0.057013887912035
-0.091412246227264
0.039702706038952
-0.097501292824745
0.026987448334694
0.023399669677019
-0.008988510817289
-0.029677642509341
-0.056044328957796
-0.019311588257551
-0.128966659307480
-0.018672000616789
-0.054126735776663
-0.037424549460411
-0.091182343661785
0.013467999175191
0.032089173793793
0.079749390482903
-0.071261763572693
-0.020382478833199
-0.108828321099281
-0.042760513722897
-0.148539036512375
-0.083188459277153
0.027829447761178
-0.195950716733932
-0.075015664100647
0.007454710546881
-0.106267429888248
-0.052142523229122
-0.028096357360482
-0.211998775601387
0.019550433382392
-0.033371306955814
-0.153626427054405
-0.064037576317787
0.026916738599539
-0.070205144584179
-0.124503411352634
-0.149863421916962
-0.038202986121178
-0.095178149640560
-0.126760438084602
0.034833628684282
-0.072912186384201
-0.023491062223911
-0.165305063128471
-0.073115192353725
-0.051869120448828
-0.092089824378490
-0.032197404652834
-0.003045784309506
-0.047948304563761
0.003339204005897
-0.037836577743292
-0.011163316667080
-0.030963741242886
-0.006903822068125
-0.081328578293324
