0.519461512565613
0.454296380281448
0.022490313276649
0.440539747476578
0.381361275911331
0.101121947169304
0.399701803922653
0.540048182010651
0.381737202405930
0.225858822464943
0.441462337970734
0.439823001623154
0.506769359111786
0.061872009187937
0.121853746473789
0.424367100000381
0.715159595012665
0.149320825934410
0.309242546558380
0.529926478862762
0.100709408521652
0.594856500625610
0.469969362020493
0.465996295213699
0.603817522525787
0.580000519752502
0.160521924495697
0.412244856357574
0.551431715488434
0.143608793616295
0.387727200984955
0.108019366860390
0.361192882061005
0.150441437959671
0.077565819025040
0.285621464252472
0.342642843723297
0.396746277809143
0.519122183322906
0.463394165039062
0.129682004451752
0.508309245109558
0.163178950548172
0.437857210636139
0.083068840205669
0.373941421508789
0.339166492223740
0.518627166748047
0.091557368636131
0.107064798474312
0.061930794268847
0.293640106916428
0.509041547775269
0.354410052299500
0.412474542856216
0.323918819427490
0.025795701891184
0.334537833929062
0.478868424892426
0.483552634716034
0.466164380311966
0.319785535335541
0.165974244475365
0.257579803466797
