0.061707038432360
0.876211464405060
-0.237845033407211
-0.330411493778229
1.266276836395264
-0.170145884156227
0.016997039318085
0.505424380302429
-0.360872328281403
-0.487435162067413
-0.400480896234512
-0.342921942472458
-0.024017728865147
-0.293435811996460
0.478463232517242
-0.509169876575470
-0.496758550405502
-0.202985823154449
-0.298330724239349
-0.294290184974670
-0.492433786392212
0.029193373396993
-0.189555451273918
-0.155433893203735
0.240027993917465
-0.109889388084412
-0.316559880971909
-0.391629159450531
-0.431432425975800
0.009881620295346
-1.234658837318420
-0.600780963897705
-0.838281691074371
-0.615166127681732
-0.430572003126144
-0.260447204113007
-0.206289872527122
-0.002185050630942
-0.303170740604401
0.084379486739635
-0.398857176303864
-0.038013461977243
-0.396730631589890
-0.217058137059212
-0.798246026039124
-0.216944262385368
0.185103327035904
-0.338292539119720
-0.803210794925690
-0.322172224521637
-0.274374872446060
-0.410821080207825
-0.158464446663857
-0.289155483245850
-0.036650087684393
-0.448496103286743
-0.228066042065620
-0.249717012047768
-0.406893432140350
-0.036985527724028
-0.462903231382370
-0.388130486011505
-0.312330156564713
-0.250248640775681
-0.394955933094025
-0.612639009952545
-0.263286709785461
-0.203518271446228
-0.671109914779663
-0.580768167972565
-0.572171509265900
-0.927684187889099
-0.150555610656738
-0.020210357382894
0.129477620124817
-0.152839899063110
-0.074695445597172
0.101433560252190
-0.007157258223742
-0.392350107431412
-0.730547666549683
-1.011651873588562
-0.377484887838364
-0.558786451816559
-0.449245721101761
-0.350070029497147
-0.461649447679520
-0.280975848436356
-0.574790775775909
-0.661826908588409
0.109405644237995
-0.183224797248840
-0.389647215604782
-0.134249642491341
-0.388099581003189
-0.171264886856079
-0.335873335599899
-0.507840752601624
-0.756476759910583
-0.368946015834808
0.012024256400764
0.200409337878227
0.178299501538277
1.507555365562439
-0.568774342536926
0.198111131787300
-0.421792089939117
-0.240618139505386
-0.420410066843033
-0.229061067104340
0.044255889952183
-0.294965445995331
-0.178333565592766
-0.003139192471281
-0.208845540881157
-0.137900754809380
-0.243232831358910
-0.223625734448433
0.161958962678909
-0.846100091934204
0.035810198634863
-0.022624535486102
-0.264267086982727
-0.487182527780533
-0.733079612255096
-0.171544566750526
-0.070174045860767
-0.303980201482773
-0.365545630455017
-0.607522964477539
-0.497077047824860
-0.295097917318344
-0.488387852907181
-0.296958625316620
-0.565515816211700
-0.184056967496872
-0.250338405370712
-0.155295208096504
-0.231974512338638
0.043254397809505
-0.353827327489853
-0.417477667331696
-0.214474409818649
0.058362893760204
-0.355258166790009
-0.826367259025574
-0.021085778251290
-0.264989197254181
-0.509875833988190
-0.470985472202301
-0.464660108089447
-0.035774648189545
-0.152321085333824
0.454589754343033
0.074832461774349
-0.024081805720925
-0.195799380540848
-0.084342598915100
-0.092304371297359
-0.297477662563324
0.019977733492851
-0.352125972509384
-0.388153284788132
-0.274198025465012
-0.539566278457642
-0.134011998772621
-0.715411305427551
-0.133763357996941
-0.147406592965126
-0.145029500126839
-0.311796694993973
-0.195397555828094
-0.591780424118042
-0.006927413400263
-0.581354439258575
-0.929020226001740
0.109150178730488
1.269176483154297
-0.385095566511154
-0.301460683345795
-0.681905090808868
-0.342487722635269
0.152132928371429
-0.321857094764709
0.032959815114737
0.040980130434036
-0.360208094120026
-0.227216497063637
1.109746456146240
-0.026376571506262
-0.372944265604019
-0.306999295949936
-0.497562825679779
-0.163461416959763
-0.213722690939903
-0.404913634061813
-0.329893380403519
-0.286842405796051
-0.082046180963516
0.055234499275684
-0.591143310070038
-0.401115208864212
-0.035957984626293
-0.607896089553833
-0.083117611706257
-0.003008669940755
-0.537457942962646
-1.063013672828674
-0.479302585124969
-0.463003456592560
-0.435501337051392
0.139048144221306
-0.067049100995064
0.508989572525024
-0.493065416812897
-0.483761668205261
-0.148682460188866
0.304908543825150
-0.042892176657915
-0.156915470957756
-0.255607783794403
-0.631928682327271
-0.397826015949249
-0.199567571282387
0.648618578910828
-0.846710562705994
-0.454198867082596
-0.192032009363174
-0.399030447006226
-0.060377899557352
-0.170727998018265
-0.565582811832428
-0.475006699562073
-0.177805334329605
0.078344784677029
0.164470732212067
-0.762072861194611
-0.167402699589729
-0.373227834701538
-0.439265668392181
0.302826583385468
-0.213802888989449
-0.280061423778534
-0.420269936323166
-0.552817463874817
-0.595467031002045
-0.246260255575180
-0.522211432456970
-0.263711780309677
-0.393770635128021
-0.141340091824532
-0.452105909585953
0.047615040093660
-0.344708323478699
-0.116037175059319
-0.259808212518692
