0.275525003671646
0.677962899208069
0.315462738275528
0.469362616539001
0.401619225740433
0.456477165222168
0.502013087272644
0.779445767402649
0.316592425107956
0.553552865982056
0.366665631532669
1.173993945121765
0.726105511188507
0.530969381332397
0.629331171512604
0.371134310960770
0.547576069831848
0.250745743513107
0.754952669143677
1.229666233062744
0.950921356678009
0.335670739412308
0.685127913951874
0.497961670160294
0.430483728647232
0.514207899570465
0.526813924312592
0.949432551860809
0.622432351112366
0.749167621135712
0.492211133241653
0.639545559883118
0.301783531904221
0.817232370376587
0.211017414927483
0.501742184162140
1.104820370674133
0.296104073524475
0.315412312746048
0.735337495803833
0.669707000255585
0.319812238216400
0.740240514278412
0.728148996829987
0.496812403202057
1.046996593475342
0.621140122413635
0.350175499916077
0.583470582962036
0.332376420497894
0.281439900398254
0.531443297863007
0.288371860980988
0.445654124021530
0.345734715461731
0.693789362907410
0.376331269741058
0.543729782104492
0.798116266727448
0.491178601980209
0.518478214740753
0.954705357551575
0.431288361549377
0.370091587305069
0.526666164398193
0.801852643489838
0.861052751541138
0.791497409343719
0.329377472400665
0.266244858503342
0.444716095924377
0.341832548379898
0.847142577171326
0.459124416112900
0.806617498397827
0.537004649639130
0.603959083557129
0.268653064966202
0.381759494543076
0.426429957151413
0.476853400468826
0.765177071094513
0.751527905464172
0.553300142288208
0.326158374547958
0.307025045156479
0.772483766078949
0.434713095426559
0.341322690248489
0.357730984687805
0.618510842323303
0.563574790954590
0.403943002223969
0.813677608966827
0.588030934333801
0.966385543346405
0.285234004259109
0.511528849601746
0.563537657260895
0.746537983417511
0.333342552185059
0.375381946563721
0.786532580852509
0.384669125080109
0.674878656864166
0.523156702518463
0.305766075849533
0.613075435161591
0.440301567316055
0.438724935054779
0.335988909006119
0.707748353481293
0.192817658185959
0.437722057104111
0.547031879425049
0.698607265949249
0.998691618442535
0.449619919061661
0.348705112934113
0.361187934875488
0.864088058471680
0.549430072307587
0.480131953954697
0.347552835941315
0.862435936927795
0.824631929397583
0.336877256631851
0.355120182037354
