-0.109345763921738
0.046987786889076
-0.039416767656803
-0.198026970028877
-0.048492878675461
-0.131380796432495
-0.024287186563015
0.020114270970225
-0.130018174648285
-0.144642889499664
-0.096620410680771
-0.031535163521767
-0.056958090513945
-0.052304033190012
-0.186090707778931
-0.126331076025963
-0.151076361536980
-0.071422033011913
-0.098226331174374
0.000913877796847
-0.031459540128708
-0.152211546897888
-0.120436623692513
-0.066136173903942
-0.263487040996552
-0.046210374683142
-0.135544300079346
-0.073440216481686
-0.177765578031540
-0.117291480302811
-0.148040562868118
-0.175731584429741
-0.087015919387341
-0.149051651358604
-0.219594031572342
-0.087197706103325
-0.040108282119036
0.023649714887142
-0.288675844669342
-0.011630835942924
0.047624245285988
-0.202826678752899
-0.131572648882866
-0.088238760828972
-0.003310197498649
-0.102345913648605
0.079920493066311
-0.290134757757187
-0.211390674114227
-0.104043096303940
-0.162792563438416
-0.059329301118851
-0.287180185317993
-0.044745862483978
-0.202926233410835
-0.151459038257599
0.015826685354114
-0.141196697950363
-0.033082764595747
-0.014999851584435
-0.101050294935703
-0.041723825037479
-0.085625067353249
-0.163151472806931
-0.245730042457581
0.073532111942768
-0.020087830722332
-0.166047066450119
-0.046954557299614
-0.215790376067162
-0.017318189144135
-0.241010174155235
-0.246749386191368
-0.009248204529285
-0.050060685724020
-0.083297461271286
-0.116542205214500
-0.015689164400101
-0.111176155507565
-0.216167941689491
-0.172382697463036
-0.106087677180767
0.025740440934896
-0.084930069744587
-0.112216472625732
-0.167388826608658
-0.160678923130035
-0.276947051286697
-0.234111875295639
-0.111566424369812
-0.101618170738220
0.080136343836784
-0.093335315585136
0.035576015710831
0.097253017127514
-0.177074149250984
-0.082394622266293
-0.002813649829477
-0.062515094876289
-0.024775272235274
-0.155253037810326
-0.195040240883827
-0.081667251884937
-0.010974361561239
-0.237049564719200
-0.130516797304153
-0.136565312743187
0.040592715144157
0.042136482894421
-0.207943588495255
-0.204766049981117
-0.103216916322708
-0.045925803482533
-0.217592969536781
-0.015991793945432
-0.081233024597168
-0.026145754382014
-0.007519280537963
-0.257039189338684
-0.169669613242149
0.008611544035375
-0.016412794589996
-0.081872344017029
-0.363851100206375
-0.076093249022961
-0.020995385944843
-0.011988450773060
-0.044557552784681
