1.620841741561890
2.226732969284058
1.626821041107178
1.866337537765503
2.017319917678833
1.525753617286682
1.488468289375305
2.293543815612793
1.089134812355042
2.138786077499390
2.453440666198730
2.571293592453003
1.808405876159668
2.431883096694946
1.974113821983337
2.268489837646484
0.972963511943817
2.543146133422852
0.773201465606689
2.868644714355469
1.004917502403259
1.649033308029175
0.875086724758148
0.888658463954926
1.523970246315002
1.424006938934326
2.531384706497192
1.119917273521423
0.968484461307526
2.291112422943115
2.158261537551880
1.963724493980408
2.834426164627075
2.390596151351929
1.606595754623413
0.897735893726349
2.835881233215332
1.990665555000305
2.287924051284790
2.039229631423950
2.108951568603516
1.831110835075378
2.117823362350464
2.622547626495361
2.213382482528687
1.599621534347534
2.680922746658325
2.208221673965454
0.603859007358551
2.121435403823853
1.753549218177795
2.220178127288818
2.019239664077759
2.446115016937256
2.095659255981445
2.569737195968628
1.875096201896667
2.514769554138184
1.050490975379944
1.993548750877380
2.538730859756470
1.704895853996277
2.022568464279175
2.166612625122070
1.565208435058594
1.776581645011902
1.444221138954163
2.198707580566406
1.653747797012329
2.316907167434692
2.624925613403320
2.395883560180664
2.250976562500000
2.280462026596069
0.928794562816620
1.740333676338196
3.090456247329712
2.027647733688354
2.399472951889038
1.170024514198303
1.484075665473938
2.398136377334595
0.924991786479950
1.660593628883362
1.898345708847046
1.563293814659119
1.722448110580444
1.757048845291138
2.850537300109863
1.754680156707764
1.913299322128296
2.170933008193970
2.324272155761719
1.991064906120300
2.249089956283569
2.319099426269531
2.378717422485352
1.925425767898560
1.435106039047241
1.821536064147949
2.451161623001099
2.170479297637939
1.688501715660095
1.790462970733643
1.907423734664917
0.979479074478149
1.010500192642212
2.463780879974365
1.860676527023315
1.527149438858032
2.416906356811523
2.522240161895752
0.930610239505768
1.685671687126160
0.885254561901093
0.945501208305359
2.549073934555054
2.294946432113647
2.747583627700806
2.103955984115601
2.649755477905273
2.715249061584473
2.107021808624268
2.376386642456055
2.333652496337891
2.073568344116211
1.849715232849121
0.879682660102844
2.076474905014038
1.476976871490479
1.411788344383240
0.940045118331909
0.940191507339478
0.833131849765778
1.523174285888672
1.677626013755798
2.345973253250122
2.521367549896240
3.013505458831787
1.548779249191284
2.222296714782715
0.627240836620331
1.831127285957336
1.999618530273438
2.514179944992065
2.424863815307617
1.367057919502258
2.298816442489624
1.849344372749329
0.881776392459869
2.402216434478760
2.011695384979248
2.355880498886108
2.028358221054077
1.943142175674438
2.210205793380737
1.866138339042664
2.223726749420166
1.543933272361755
1.336340785026550
1.912865638732910
2.132088422775269
1.832158565521240
1.991568565368652
1.920836567878723
1.972892522811890
1.272115945816040
2.281747817993164
2.695373058319092
2.543793678283691
1.820857048034668
1.640858054161072
2.645997047424316
2.403850793838501
2.462811708450317
1.671675562858582
2.321321725845337
1.847768068313599
2.862852096557617
1.049402713775635
2.216160774230957
2.341288805007935
2.631603002548218
2.471170186996460
1.939130902290344
1.444631218910217
0.826856434345245
1.953356504440308
2.286556720733643
1.852116584777832
1.723792672157288
2.138238430023193
2.619649410247803
1.818773865699768
1.544242024421692
0.789641320705414
0.793471634387970
2.392215013504028
1.450998067855835
2.348181009292603
2.278488636016846
1.747183918952942
1.579836964607239
1.972846627235413
2.879818916320801
1.581069946289062
2.190986633300781
1.587787508964539
1.742227911949158
1.912119865417480
0.905818581581116
2.041413784027100
0.772992491722107
2.580513477325439
1.013836264610291
1.359512567520142
2.000658988952637
2.627844810485840
2.236447334289551
1.628565311431885
1.152130484580994
2.319699764251709
3.273819446563721
2.691308975219727
1.893200993537903
1.865210413932800
1.727128148078918
2.731697797775269
2.099189281463623
1.960356116294861
2.003382205963135
1.832936167716980
2.408470630645752
1.781187653541565
2.647222995758057
2.518811464309692
1.726221919059753
2.382774353027344
1.695215225219727
2.198179006576538
1.914864659309387
1.974453091621399
2.041880130767822
1.727004766464233
1.765222787857056
1.696993350982666
2.259781122207642
2.914596557617188
1.830801129341125
1.693377375602722
2.474431514739990
2.150163173675537
1.712041854858398
2.120633363723755
1.921342253684998
1.293619036674500
