0.000000000542396
0.000000001480098
-0.000000004491914
0.000000018717540
0.000000006863863
0.000000011462003
-0.000000001340496
0.000000005708954
0.000000001656536
0.000000012666918
-0.000000021940691
0.000000013139240
0.000000005637471
0.000000008932193
-0.000000003419565
0.000000009086481
0.000000018372509
0.000000027294947
-0.000000026233643
-0.000000007194476
-0.000000007425596
-0.000000003215002
-0.000000014930073
-0.000000019584252
0.000000018121796
0.000000013593050
0.000000007500532
0.000000007004169
-0.000000001378666
0.000000012262428
-0.000000004442578
0.000000034734260
0.000000005541084
0.000000017998429
-0.000000019736930
-0.000000011914933
0.000000011082061
-0.000000000303262
-0.000000001105550
0.000000000044130
0.000000001248291
0.000000006587153
0.000000001512533
0.000000004857263
0.000000035020836
-0.000000007723976
0.000000000775045
0.000000006904511
-0.000000048490371
0.000000006540991
-0.000000007231926
-0.000000000537724
-0.000000000346240
-0.000000001503113
0.000000009343208
0.000000012894051
0.000000010643043
-0.000000000068985
0.000000054298706
-0.000000001110698
-0.000000009370242
0.000000009130126
-0.000000002116474
-0.000000008506270
0.000000009915729
-0.000000019633243
0.000000023420299
0.000000005794210
0.000000006701915
-0.000000004298498
-0.000000004662960
0.000000015296749
0.000000002542471
-0.000000008764818
0.000000007642554
0.000000006028907
0.000000016433498
-0.000000003751898
0.000000009697220
-0.000000008910333
0.000000024339551
-0.000000009991809
-0.000000056780141
0.000000050244630
0.000000021010457
-0.000000004086771
-0.000000027311975
0.000000004641640
0.000000013627167
0.000000008701008
-0.000000011943734
0.000000011035916
0.000000001043491
0.000000012712434
-0.000000005373374
0.000000007650772
-0.000000004788682
0.000000005028571
-0.000000020279549
-0.000000006526042
-0.000000021968624
0.000000000812593
0.000000003320846
0.000000010023496
0.000000001565346
-0.000000012979128
-0.000000016685139
-0.000000014876645
0.000000016909185
0.000000009595041
0.000000012260219
0.000000003456490
-0.000000012869563
-0.000000000766686
-0.000000063921767
0.000000051865758
-0.000000007902384
-0.000000004581155
-0.000000002438945
0.000000004023858
0.000000004195467
-0.000000012686635
0.000000014656778
0.000000001105033
-0.000000002599662
0.000000020824277
0.000000005480830
-0.000000040470010
-0.000000024947383
0.000000016950020
-0.000000009180206
0.000000004731700
0.000000036291532
0.000000013769575
0.000000006853663
-0.000000044290552
-0.000000009610623
0.000000005476637
0.000000001341230
-0.000000008241519
0.000000005125065
0.000000040553033
-0.000000003406831
-0.000000017938035
0.000000004406415
-0.000000012893614
0.000000015810937
-0.000000028498283
0.000000027478080
0.000000018662723
-0.000000002480689
0.000000005509919
-0.000000003295144
-0.000000022383041
0.000000000381469
-0.000000013207791
0.000000008850352
-0.000000003834836
-0.000000018857124
0.000000008499886
0.000000006568395
-0.000000007834947
0.000000013817581
-0.000000008125729
-0.000000002638051
-0.000000007959919
-0.000000007773025
0.000000008639351
-0.000000009323740
-0.000000008202576
0.000000001818788
0.000000012581610
0.000000000858943
0.000000004039931
0.000000001707295
0.000000023492474
0.000000012143406
0.000000006225170
0.000000010293498
-0.000000010260386
0.000000011819648
-0.000000007332605
0.000000001098091
0.000000004337366
-0.000000010643451
0.000000019233694
-0.000000005664391
-0.000000005808777
0.000000009589063
0.000000000512850
0.000000003621749
0.000000003673287
0.000000009597434
0.000000006837381
-0.000000006824032
0.000000003160828
0.000000054063108
0.000000014068672
0.000000001040223
0.000000003298094
-0.000000003303792
-0.000000002096784
0.000000012645710
0.000000002850362
0.000000010133850
0.000000010652491
0.000000001002035
0.000000001917479
-0.000000004371469
-0.000000000917110
0.000000008620740
0.000000004200378
-0.000000012828508
-0.000000003333673
-0.000000038013710
0.000000003817131
0.000000004283872
-0.000000008111111
0.000000006728710
0.000000021910154
0.000000054051672
0.000000001209576
-0.000000008659523
0.000000012728263
-0.000000004609778
-0.000000007214111
0.000000006291500
0.000000004129802
-0.000000019694726
0.000000010527265
0.000000010791918
0.000000005222578
-0.000000008447135
0.000000003399453
0.000000008761318
0.000000005752657
-0.000000007605411
0.000000016873285
-0.000000019694031
-0.000000000432874
-0.000000003805098
0.000000002110874
-0.000000008317207
-0.000000013696513
0.000000016175951
0.000000015748519
-0.000000003437057
0.000000020973667
-0.000000003268539
-0.000000012476129
-0.000000018142245
0.000000001555782
0.000000008400725
-0.000000002704972
0.000000003767707
0.000000003422695
