-0.025321288034320
-0.030072918161750
-0.093674018979073
-0.091124758124352
-0.016559321433306
-0.025484545156360
-0.191859126091003
-0.148903220891953
-0.062493517994881
-0.080823138356209
-0.009470162913203
-0.160869821906090
-0.148654490709305
-0.131579816341400
-0.168838575482368
-0.076597563922405
-0.035483762621880
-0.172274872660637
-0.209414869546890
-0.188092157244682
-0.083693966269493
-0.022780487313867
0.105139434337616
-0.292142897844315
-0.086173415184021
-0.097594037652016
-0.158880069851875
-0.091069959104061
-0.128215342760086
-0.007635905407369
-0.126447930932045
-0.075683936476707
-0.072407625615597
-0.156372681260109
-0.179028332233429
-0.007473784033209
-0.018581410869956
-0.122038081288338
0.012110532261431
-0.146309226751328
-0.127096906304359
-0.095300994813442
-0.196575671434402
-0.061536751687527
-0.124261483550072
-0.126998439431190
-0.025904441252351
-0.177936688065529
-0.151411414146423
-0.057502985000610
-0.117715083062649
-0.085091099143028
-0.104670457541943
-0.101080402731895
-0.030338885262609
-0.330193340778351
-0.103013567626476
-0.036964293569326
-0.160818874835968
-0.054829947650433
0.049871031194925
-0.050002258270979
-0.124999478459358
-0.148950308561325
-0.211571544408798
-0.064253747463226
-0.224332064390182
-0.188530862331390
-0.139611974358559
-0.087885446846485
-0.081999666988850
-0.165501028299332
-0.151461988687515
-0.059414122253656
-0.114661626517773
-0.065397121012211
-0.075740732252598
-0.118781805038452
-0.117338515818119
0.000231303929468
-0.154181405901909
-0.135481491684914
-0.048339352011681
-0.086052581667900
-0.128463372588158
-0.079282917082310
-0.095007143914700
-0.118629761040211
-0.150903329253197
-0.268630474805832
-0.157583490014076
-0.063956193625927
-0.066201679408550
-0.153816729784012
-0.032210171222687
-0.062427468597889
-0.095927819609642
-0.094388686120510
-0.149766638875008
-0.100430771708488
-0.133377224206924
-0.173172265291214
0.039762020111084
-0.071155302226543
-0.150090724229813
-0.058679461479187
0.088263556361198
-0.223687708377838
-0.181716740131378
-0.074838809669018
-0.108707495033741
-0.123342424631119
-0.096188597381115
-0.177636712789536
-0.157884120941162
-0.102158285677433
-0.091743245720863
-0.254414558410645
-0.099514529109001
-0.101641468703747
-0.174374446272850
-0.058521203696728
-0.127074331045151
-0.119591720402241
-0.068354241549969
-0.274138063192368
-0.094200901687145
-0.091685764491558
