0.266328245401382
0.143944665789604
0.149237260222435
0.220735102891922
0.056336604058743
0.068144924938679
0.172026649117470
0.294855624437332
0.131027162075043
0.194780007004738
0.181150987744331
0.310890018939972
0.206701010465622
0.119439005851746
0.170591816306114
0.165779128670692
0.293183207511902
0.260380953550339
0.101543247699738
0.123885683715343
0.083206661045551
0.118931099772453
0.191456228494644
0.093834660947323
0.109652794897556
0.344997495412827
0.152256235480309
0.145197406411171
0.072858847677708
0.113456554710865
0.127677679061890
0.165474995970726
0.168537601828575
0.235180273652077
0.182130321860313
0.214115172624588
0.497195124626160
0.258245289325714
0.218552961945534
0.095102608203888
0.749155938625336
0.066498063504696
0.304961234331131
0.132669597864151
0.169232979416847
0.268768608570099
0.202098652720451
0.181170567870140
0.079927265644073
0.477559506893158
0.127057194709778
0.162674620747566
0.088202029466629
0.180331096053123
0.040941234678030
0.144887790083885
0.186689913272858
0.380982369184494
0.144188910722733
0.177480056881905
0.082867659628391
0.105628781020641
0.108329325914383
0.150587409734726
