0.322800457477570
1.712493419647217
2.626180410385132
0.626382052898407
0.375371724367142
2.393328189849854
0.189851939678192
0.192407324910164
0.907415747642517
0.955726683139801
0.331706315279007
1.168936729431152
0.497956752777100
2.024981021881104
1.670504570007324
0.073416531085968
0.625646948814392
3.182797431945801
0.343240976333618
0.196897029876709
0.594938576221466
0.663925111293793
0.173090517520905
0.134204968810081
0.614940404891968
0.789672613143921
0.663376629352570
0.293336749076843
0.122837513685226
0.967420458793640
0.326411724090576
1.372812986373901
0.511131346225739
2.623985052108765
2.404460906982422
1.549555778503418
0.953000068664551
0.447242259979248
0.378662377595901
0.224015936255455
6.801054477691650
0.292714476585388
1.729727983474731
0.167572870850563
1.259026885032654
2.019485712051392
0.980924487113953
0.249990865588188
2.529676198959351
4.311659812927246
1.303762793540955
1.713309407234192
0.310063004493713
0.494641602039337
0.458353787660599
0.951653003692627
1.655374646186829
1.460857987403870
0.501350283622742
0.325552254915237
0.202341377735138
0.355285108089447
2.105005741119385
0.718184888362885
