0.335724562406540
0.142161920666695
0.203348949551582
0.179780706763268
0.269816547632217
0.160681232810020
0.162116780877113
0.362778276205063
0.205048754811287
0.178574472665787
0.179803401231766
0.579804956912994
0.207516714930534
0.223189577460289
0.281979382038116
0.197718381881714
0.148687630891800
0.324233531951904
0.533920288085938
0.615330398082733
0.199103310704231
0.106649704277515
0.228324159979820
0.110630430281162
0.254498958587646
0.239495381712914
0.314988702535629
0.404970824718475
0.120020538568497
0.125000774860382
0.364784091711044
0.231128975749016
0.120338767766953
0.169740930199623
0.152958899736404
0.161998897790909
0.281651258468628
0.062497470527887
0.222252026200294
0.230798572301865
0.499159097671509
0.170755907893181
0.181888416409492
0.212748363614082
0.073476389050484
0.445116937160492
0.309390604496002
0.117241248488426
0.154046684503555
0.232292115688324
0.183939069509506
0.195646718144417
0.247508719563484
0.217578873038292
0.190170615911484
0.392655730247498
0.106077983975410
0.152035653591156
0.330528676509857
0.178233295679092
0.078993082046509
0.280291199684143
0.108701266348362
0.336681634187698
0.261762917041779
0.385190457105637
0.216769427061081
0.149315521121025
0.235000327229500
0.138571709394455
0.329212635755539
0.122945390641689
0.360027760267258
0.189579591155052
0.526427209377289
0.277281314134598
0.296916395425797
0.132721856236458
0.185353592038155
0.301402121782303
0.111129231750965
0.197443738579750
0.062367070466280
0.304703980684280
0.143784180283546
0.144926786422729
0.192266926169395
0.198447600007057
0.243495061993599
0.194907903671265
0.372662931680679
0.251164704561234
0.092621318995953
0.294746786355972
0.153206065297127
0.308982610702515
0.180496558547020
0.129477083683014
0.157378494739532
0.299720048904419
0.165085554122925
0.245160341262817
0.481635272502899
0.130591660737991
0.240570470690727
0.675098538398743
0.245103627443314
0.307746767997742
0.377118170261383
0.157283261418343
0.492801368236542
0.171030417084694
0.290341824293137
0.149467080831528
0.236954554915428
0.325116753578186
0.489715546369553
0.133820921182632
0.139874517917633
0.381582617759705
0.185442313551903
0.192998155951500
0.287088543176651
0.248295038938522
0.136195257306099
0.381700694561005
0.174261838197708
0.173267841339111
