-0.643693506717682
-0.338617533445358
-0.270120680332184
-0.237861886620522
-0.531532585620880
0.014801681041718
-0.288045525550842
-0.477600276470184
-0.201137065887451
-0.421104013919830
-0.364747643470764
-0.889046013355255
-0.565650641918182
-0.339215666055679
-0.300175219774246
-0.364220589399338
-0.131999343633652
-0.535506784915924
-0.280191361904144
-0.695297360420227
-0.599251568317413
-0.253227859735489
-0.809806287288666
-0.155187904834747
-0.045398660004139
-0.336388647556305
0.723790526390076
-0.777238368988037
-1.075564980506897
-0.732476532459259
-0.439998298883438
-0.511708259582520
-0.427519291639328
-0.415333300828934
-0.182898938655853
-0.559825062751770
-0.696095108985901
-0.272561550140381
-0.273804843425751
-0.527688205242157
-0.669731795787811
0.133229359984398
-0.677020788192749
-0.478115648031235
-0.150639370083809
-0.649444937705994
-0.438438594341278
-0.011108930222690
-0.449293732643127
-0.392153590917587
-0.219932571053505
-0.352438956499100
-0.075114957988262
-0.271909087896347
0.123859360814095
-0.451447248458862
-0.132519915699959
-0.478806018829346
-0.425386160612106
-0.419750392436981
-0.395710796117783
-0.697596609592438
-0.474210530519485
-0.116795167326927
-0.095621064305305
-0.417843848466873
-0.539795696735382
-0.730334162712097
0.362494558095932
-0.373473614454269
-0.278026551008224
-0.145595505833626
-0.288185417652130
-0.489829987287521
-0.457634449005127
-0.508822321891785
-0.681910574436188
-0.203214183449745
-0.558372259140015
-0.082843855023384
-0.388202309608459
-0.425215959548950
-0.258667618036270
-0.532183885574341
-0.301264971494675
-0.245566740632057
-0.687069118022919
-0.544127762317657
-0.206601932644844
-0.027441052719951
-0.325911819934845
-0.653337001800537
-0.277400285005569
-0.604345977306366
-0.454009622335434
-0.634671568870544
-0.050330862402916
-0.106245085597038
-0.728163778781891
-0.429381102323532
-0.402432590723038
-0.090131431818008
-0.669297933578491
-0.378529399633408
-0.360889226198196
-0.388919681310654
0.057482175529003
-0.351664066314697
-0.412464797496796
0.082766845822334
-0.350135922431946
-0.654987931251526
-0.024165891110897
-0.239321976900101
0.003279505297542
-0.547493636608124
-0.578374981880188
-0.568765223026276
-0.560280799865723
-0.152559801936150
-0.587379097938538
-0.341415256261826
-0.132223933935165
-0.210886195302010
-0.734016716480255
-0.675726354122162
-0.373935014009476
-0.585812747478485
