-0.308874756097794
-0.375267446041107
-0.208959132432938
-0.340111047029495
-0.417934507131577
-0.255040347576141
-0.304475873708725
-0.366600602865219
-0.293661743402481
-0.319291263818741
-0.347101688385010
-0.396472066640854
-0.333408802747726
-0.330909699201584
-0.377001225948334
-0.283712118864059
-0.079783417284489
-0.267441153526306
-0.034357186406851
-0.311750978231430
-0.117624290287495
-0.225006178021431
-0.190988197922707
-0.130515381693840
-0.369382977485657
-0.274266570806503
-0.381611555814743
-0.179913058876991
-0.038732632994652
-0.301435649394989
-0.302188485860825
-0.305639714002609
-0.187788769602776
-0.342199444770813
-0.266552567481995
-0.121283896267414
-0.435900807380676
-0.402203053236008
-0.311723142862320
-0.351398944854736
-0.331089287996292
-0.212745741009712
-0.209647998213768
-0.298899441957474
-0.405514895915985
-0.321690320968628
-0.283530533313751
-0.294873774051666
-0.233714565634727
-0.214484572410583
-0.287487328052521
-0.291410118341446
-0.349713057279587
-0.338212728500366
-0.361633926630020
-0.316191703081131
-0.231222823262215
-0.343104064464569
-0.092994384467602
-0.320679336786270
-0.438281953334808
-0.323856145143509
-0.341347485780716
-0.373095691204071
-0.368118911981583
-0.342628389596939
-0.195889383554459
-0.373724967241287
-0.310940921306610
-0.390902608633041
-0.324863791465759
-0.301549285650253
-0.350047558546066
-0.329417318105698
-0.226570636034012
-0.249917000532150
-0.338073551654816
-0.250958442687988
-0.322196841239929
-0.270356267690659
-0.341236978769302
-0.393803238868713
0.002254246035591
-0.307198703289032
-0.077871628105640
-0.300190001726151
-0.206442475318909
-0.200684338808060
-0.281317144632339
-0.338103622198105
-0.280507981777191
-0.361780256032944
-0.367066025733948
-0.216723307967186
-0.320410817861557
-0.378566563129425
-0.412683486938477
-0.337450981140137
-0.270663440227509
-0.183379098773003
-0.378355145454407
-0.333575159311295
-0.252122551202774
-0.397819221019745
-0.277595847845078
-0.185369521379471
0.060725141316652
-0.373810827732086
-0.357447236776352
-0.308012872934341
-0.250878781080246
-0.286552131175995
-0.142519012093544
-0.193622738122940
0.050300896167755
-0.140682145953178
-0.286394387483597
-0.388390511274338
-0.420150160789490
-0.403663486242294
-0.327268809080124
-0.364804983139038
-0.306862860918045
-0.331646025180817
-0.318160653114319
-0.324927330017090
-0.251471757888794
-0.131323143839836
-0.193430021405220
-0.249316826462746
-0.356237500905991
-0.092833012342453
-0.115922868251801
-0.170584678649902
-0.283609241247177
-0.300823777914047
-0.378627508878708
-0.340298920869827
-0.317128747701645
-0.281832069158554
-0.355500608682632
-0.178425595164299
-0.255171060562134
-0.307512640953064
-0.381333082914352
-0.091031290590763
-0.301773041486740
-0.288863807916641
-0.353814750909805
-0.218184202909470
-0.300952970981598
-0.290378689765930
-0.326341539621353
-0.340465515851974
-0.343698948621750
-0.339124262332916
-0.280393928289413
-0.319862365722656
-0.337802410125732
-0.358204692602158
-0.286410123109818
-0.266648977994919
-0.287837505340576
-0.293013006448746
-0.220528155565262
-0.347826272249222
-0.243024885654449
-0.263268172740936
-0.284432828426361
-0.310557335615158
-0.296785861253738
-0.314662903547287
-0.383549213409424
-0.323839694261551
-0.352273613214493
-0.229436993598938
-0.388549864292145
-0.077884472906590
-0.230285301804543
-0.297292143106461
-0.299351781606674
-0.356971800327301
-0.359321415424347
-0.305426836013794
-0.299167007207870
-0.341472357511520
-0.051571123301983
-0.263369947671890
-0.392487227916718
-0.224545106291771
-0.311079531908035
-0.285952150821686
-0.267047405242920
-0.259197771549225
-0.312447398900986
-0.266214370727539
-0.025088103488088
-0.307087391614914
-0.199017703533173
-0.197190627455711
-0.346487045288086
-0.322694063186646
-0.346990108489990
-0.338579058647156
-0.407291173934937
-0.324320137500763
-0.309480845928192
-0.352455705404282
-0.330351233482361
-0.263555526733398
-0.186383619904518
-0.253415882587433
-0.161013096570969
-0.421195179224014
-0.161773025989532
-0.330130398273468
-0.319089770317078
-0.313982009887695
-0.355390012264252
-0.299407899379730
-0.130195707082748
-0.371183484792709
-0.367614179849625
-0.388435959815979
-0.362791091203690
-0.149981051683426
-0.211700662970543
-0.289660930633545
-0.289415299892426
-0.334660768508911
-0.315052449703217
-0.361307919025421
-0.307186007499695
-0.238807171583176
-0.381900578737259
-0.367340713739395
-0.313842236995697
-0.265124946832657
-0.230338975787163
-0.397871464490891
-0.322919219732285
-0.286218583583832
-0.350273340940475
-0.260314345359802
-0.222395092248917
-0.265064746141434
-0.352952688932419
-0.389611691236496
-0.257877439260483
-0.378292709589005
-0.292597383260727
-0.245241641998291
-0.325995951890945
-0.235431790351868
-0.343270331621170
-0.318642795085907
