0.000000020438954
-0.000000007876927
-0.000000010617177
0.000000000373925
-0.000000003847363
0.000000025072158
-0.000000023831122
-0.000000017311592
-0.000000022118316
0.000000026446431
0.000000027022697
-0.000000034441658
-0.000000021252932
0.000000002862109
0.000000038368654
0.000000011007596
-0.000000006866473
0.000000006072276
0.000000024010788
-0.000000035982048
0.000000010530051
0.000000027065473
0.000000005267023
-0.000000001584755
-0.000000002330008
0.000000036411823
0.000000000088906
0.000000030280184
0.000000000883324
0.000000017908029
0.000000001454488
0.000000034105362
-0.000000020599552
0.000000025120281
-0.000000005515555
-0.000000000384582
0.000000065503599
0.000000020482005
0.000000009643631
0.000000003321986
0.000000013569851
0.000000003359302
-0.000000025591557
-0.000000012224154
0.000000001901115
-0.000000015136699
0.000000019699783
0.000000004176863
-0.000000008544832
0.000000028210600
-0.000000003140408
0.000000002702027
0.000000014699915
0.000000007042606
0.000000005866732
0.000000023950623
0.000000066682425
0.000000010544695
0.000000091578585
0.000000006247297
-0.000000009662216
-0.000000016552928
-0.000000007076937
0.000000025376700
-0.000000026002036
-0.000000039971816
0.000000011660578
-0.000000006658739
-0.000000001599260
-0.000000018146244
-0.000000026357403
-0.000000003711618
0.000000036706716
-0.000000018052759
0.000000007605220
-0.000000012275424
-0.000000001124255
-0.000000007586112
-0.000000001296479
0.000000004141425
-0.000000004041750
-0.000000006143483
0.000000002507177
0.000000009726143
-0.000000010205331
0.000000004690250
0.000000016120513
-0.000000011486417
0.000000007838222
0.000000030203591
0.000000014588746
-0.000000035183827
-0.000000000284682
0.000000044234451
-0.000000005423189
-0.000000004017053
-0.000000006634690
0.000000033054345
-0.000000013162539
0.000000019955223
0.000000007721106
0.000000023878835
-0.000000030064204
0.000000040337408
0.000000004217106
0.000000017533042
0.000000006283329
-0.000000031122781
0.000000023827736
-0.000000000074453
0.000000018109972
0.000000011628027
0.000000005116914
-0.000000000781953
0.000000005024267
0.000000043638106
-0.000000010557306
-0.000000001361504
-0.000000001556378
-0.000000006583171
-0.000000029984832
0.000000010230353
0.000000001371570
0.000000003495312
0.000000006260528
0.000000001992102
-0.000000003016294
0.000000012009369
