0.010496724396944
0.010111796669662
0.008024616166949
0.012164930813015
0.012455742806196
0.005664032883942
0.009278129786253
0.006447564344853
0.008945409208536
0.012816627509892
0.010055216960609
0.010617119260132
0.038101620972157
0.007281666621566
0.007834231480956
0.024774083867669
0.009701242670417
0.008253497071564
0.013828217983246
0.019794683903456
0.017581850290298
0.016114655882120
0.024044193327427
0.019202604889870
0.017463816329837
0.027073876932263
0.013843091204762
0.010062486864626
0.007858508266509
0.008236830122769
0.016595471650362
0.006109527777880
0.014837226830423
0.012636742554605
0.024899484589696
0.019028505310416
0.010938196443021
0.009042742662132
0.012086105532944
0.013324893079698
0.008272884413600
0.007864240556955
0.014441678300500
0.011411760002375
0.011531314812601
0.015430042520165
0.014191766269505
0.014521506614983
0.010212558321655
0.027902465313673
0.005606900434941
0.009755677543581
0.020441800355911
0.013237515464425
0.012295374646783
0.019687708467245
0.010212074033916
0.015263481996953
0.013426248915493
0.012542518787086
0.010322065092623
0.007240010891110
0.009334183298051
0.013638240285218
0.011834379285574
0.007821968756616
0.024951558560133
0.008125529624522
0.008769968524575
0.004788528662175
0.006408156827092
0.011041677556932
0.005138963926584
0.015555456280708
0.010207263752818
0.014877754263580
0.005914295092225
0.009410218335688
0.014424909837544
0.014092472381890
0.023935049772263
0.011829866096377
0.013035155832767
0.013957293704152
0.022953579202294
0.005999751854688
0.014621553011239
0.008626630529761
0.009352422319353
0.034776795655489
0.021215017884970
0.021420104429126
0.009177823550999
0.006013133097440
0.017385896295309
0.005788811948150
0.009564094245434
0.005045698955655
0.007841929793358
0.022160306572914
0.018447799608111
0.010487684048712
0.010009464807808
0.013050212524831
0.016707008704543
0.013391454704106
0.017748015001416
0.017928205430508
0.008903922513127
0.010899327695370
0.016841534525156
0.010340430773795
0.010249672457576
0.012223753146827
0.008923012763262
0.028683794662356
0.012646452523768
0.011031378991902
0.006159130949527
0.008732313290238
0.014614852145314
0.032514981925488
0.009475375525653
0.009473036043346
0.022834613919258
0.011276273988187
0.005756707396358
0.018354434520006
