0.301908969879150
-0.300153046846390
-0.352009594440460
-0.133225515484810
-0.167104765772820
-0.417790263891220
-0.129419624805450
-0.339193463325500
-0.353621304035187
-0.334532707929611
-0.490726977586746
-0.393926382064819
-0.366652369499207
-0.296407759189606
-0.452244758605957
-0.261298924684525
-0.318701475858688
-0.208586320281029
-0.223909258842468
-0.328246086835861
-0.344589501619339
-0.021637368947268
-0.297751307487488
-0.104227788746357
-0.256879806518555
-0.067690350115299
-0.221980333328247
-0.253984034061432
-0.351486861705780
-0.393757969141006
0.018043613061309
-0.221698984503746
0.044097699224949
-0.076257467269897
-0.143793448805809
-0.096402071416378
-0.261498808860779
-0.363770782947540
-0.345038950443268
-0.389388531446457
-0.365731000900269
-0.088741473853588
-0.230358123779297
-0.326905280351639
-0.256393402814865
-0.230460658669472
0.001780398073606
-0.128230854868889
-0.272405028343201
0.128441631793976
-0.218153208494186
-0.125671312212944
-0.327044576406479
-0.345595806837082
-0.376727908849716
0.156347572803497
-0.480324864387512
0.165057316422462
-0.239191636443138
-0.307582169771194
-0.477701604366302
-0.302265673875809
-0.362928867340088
-0.581166982650757
-0.275307595729828
0.021163925528526
-0.175940260291100
-0.368753343820572
0.168587788939476
-0.287199735641479
-0.344041287899017
-0.224157899618149
-0.242765069007874
-0.332970708608627
-0.230054482817650
0.020564241334796
-0.239639490842819
0.090571783483028
-0.298190236091614
-0.415423691272736
0.080104321241379
-0.594874083995819
-0.183441489934921
-0.303097188472748
-0.187709644436836
-0.021533768624067
-0.382666915655136
-0.025565786287189
-0.542414069175720
-0.265650451183319
0.148370936512947
-0.395370244979858
-0.426001369953156
-0.062081355601549
-0.325334012508392
-0.295661091804504
0.277825385332108
-0.147980168461800
0.192472636699677
-0.281421571969986
-0.135874941945076
-0.299449026584625
0.204432129859924
-0.330584764480591
0.403829485177994
-0.176292151212692
-0.206668242812157
-0.369336396455765
-0.294999808073044
-0.301148325204849
-0.298624575138092
-0.580296456813812
-0.067238762974739
-0.100051112473011
-0.058645397424698
-0.069917887449265
0.001296045724303
-0.319813311100006
-0.453540921211243
-0.344637304544449
0.145799681544304
-0.256436854600906
-0.416116893291473
-0.684079289436340
-0.231431320309639
-0.545042574405670
-0.052944075316191
-0.188009575009346
0.131824657320976
-0.039433535188437
-0.428899914026260
-0.365845501422882
-0.316266357898712
-0.099016703665257
-0.520324170589447
-0.333565741777420
-0.139187633991241
-0.450590342283249
-0.298512160778046
-0.438191682100296
-0.239589229226112
-0.320863813161850
0.216957643628120
-0.469519972801208
-0.146097749471664
-0.067235253751278
-0.390635311603546
-0.150280311703682
0.142780095338821
-0.279759526252747
-0.240929946303368
-0.360540062189102
-0.337294071912766
0.034130737185478
-0.306329756975174
-0.395646512508392
-0.456017613410950
-0.321956425905228
0.058153789490461
-0.451855629682541
-0.147897839546204
-0.061256073415279
-0.420791953802109
0.216804653406143
0.026583800092340
-0.359335750341415
-0.541771173477173
-0.430949211120605
0.107224255800247
0.164645791053772
-0.288969725370407
0.034352112561464
-0.506882131099701
-0.350185632705688
-0.187000647187233
0.165172532200813
0.018084978684783
-0.418681234121323
-0.173249855637550
-0.500279605388641
-0.010881472378969
-0.461479365825653
-0.331671088933945
-0.286939471960068
-0.308928132057190
-0.499172747135162
-0.372742503881454
-0.316113620996475
-0.397510528564453
-0.125414401292801
-0.409553378820419
-0.421331793069839
-0.392585635185242
-0.227346986532211
-0.237473428249359
-0.182531014084816
-0.207168921828270
-0.095967330038548
0.068630799651146
-0.394052594900131
-0.308945894241333
-0.516006708145142
-0.262040108442307
-0.332100898027420
-0.598452150821686
-0.149044543504715
-0.348239600658417
-0.390168011188507
-0.383707344532013
-0.455937266349792
-0.321597248315811
-0.206267118453979
-0.107605539262295
-0.369998216629028
-0.299806416034698
-0.389116674661636
-0.329631298780441
0.026114633306861
-0.263510167598724
-0.223407372832298
-0.024953721091151
-0.392000377178192
-0.733328342437744
-0.354581981897354
-0.449958890676498
-0.406869858503342
-0.493345111608505
-0.131172120571136
-0.267737656831741
-0.385540574789047
-0.345376014709473
-0.416562944650650
-0.488127291202545
-0.093896299600601
-0.342801988124847
-0.147274017333984
-0.291650712490082
-0.496114373207092
-0.108279198408127
-0.379819482564926
-0.096029393374920
-0.251468211412430
-0.302616864442825
-0.152180284261703
0.067219950258732
-0.292063593864441
-0.485899597406387
0.263752460479736
-0.486160993576050
0.116446174681187
-0.270722091197968
-0.136753454804420
-0.391969949007034
-0.009580804035068
-0.280883103609085
-0.515497326850891
