0.397530943155289
0.641534388065338
0.346670985221863
0.518254280090332
0.525822877883911
0.427632898092270
0.682451426982880
0.621723830699921
0.632052004337311
0.477846413850784
0.578006505966187
0.529419839382172
0.597209036350250
0.674947023391724
0.678376138210297
0.419956505298615
0.704358756542206
0.215397506952286
0.492983698844910
0.481891214847565
0.236545845866203
0.563003659248352
0.646735846996307
0.726606011390686
0.551575183868408
0.440822601318359
0.313980340957642
0.241744890809059
0.563941419124603
0.603898525238037
0.578651964664459
0.570672571659088
0.343821913003922
0.693378984928131
0.351019889116287
0.526034832000732
0.652944862842560
0.421255141496658
0.412600606679916
0.482950747013092
0.392158448696136
0.541493237018585
0.589565455913544
0.583008587360382
0.395984172821045
0.408327221870422
0.568313241004944
0.250444382429123
0.650789797306061
0.417818903923035
0.178075864911079
0.678344011306763
0.252908080816269
0.587560057640076
0.363267779350281
0.508503079414368
0.500083446502686
0.362157255411148
0.482906490564346
0.651996374130249
0.677590966224670
0.410193860530853
0.559431076049805
0.278844892978668
0.513884365558624
0.707109153270721
0.745598673820496
0.738561332225800
0.324645310640335
0.521536171436310
0.555381417274475
0.417612969875336
0.771911680698395
0.765621066093445
0.428764134645462
0.446750879287720
0.367762297391891
0.534988105297089
0.478804975748062
0.313485860824585
0.575514912605286
0.438629388809204
0.651322543621063
0.508392632007599
0.584811449050903
0.425755977630615
0.696998476982117
0.442807406187057
0.537340402603149
0.486190617084503
0.595711648464203
0.604906737804413
0.660957515239716
0.491419047117233
0.769133627414703
0.547863483428955
0.504929363727570
0.692109286785126
0.556067883968353
0.613151907920837
0.405962646007538
0.515147328376770
0.589924156665802
0.502098083496094
0.465425223112106
0.400668978691101
0.532808005809784
0.388982862234116
0.409254461526871
0.544201254844666
0.524082183837891
0.484300047159195
0.248089954257011
0.543410718441010
0.562692046165466
0.704431295394897
0.284232228994370
0.545012950897217
0.549181520938873
0.476678162813187
0.574353277683258
0.521152555942535
0.517606198787689
0.327993452548981
0.704790830612183
0.601699411869049
0.390805393457413
0.542394995689392
