0.382139861583710
0.534225106239319
0.619712233543396
0.433917135000229
0.463409125804901
0.389858812093735
0.380068242549896
0.390631765127182
0.506142497062683
0.301035821437836
0.383261740207672
0.593673050403595
0.390835136175156
0.448712706565857
0.156501546502113
0.417686164379120
0.466365426778793
0.107918314635754
0.467356711626053
0.621801674365997
0.714350819587708
0.417778134346008
0.455776244401932
0.616938233375549
0.498143583536148
0.506731927394867
0.524144351482391
0.423475414514542
0.402711480855942
0.417176336050034
0.176441058516502
0.575376152992249
0.388214409351349
0.362988412380219
0.621548235416412
0.567474901676178
0.605086088180542
0.719873845577240
0.465941578149796
0.428091228008270
0.426854580640793
0.371975421905518
0.424710959196091
0.438099265098572
0.411766767501831
0.424725562334061
0.413242995738983
0.669039905071259
0.473725497722626
0.524043858051300
0.440082192420959
0.520079135894775
0.644351422786713
0.400935769081116
0.398373663425446
0.398989796638489
0.503775537014008
0.734364032745361
0.485813736915588
0.636440277099609
0.623010516166687
0.174435749650002
0.601385474205017
0.403315156698227
0.451684147119522
0.763288557529449
0.548221468925476
0.510424017906189
0.458048433065414
0.445608347654343
0.440304428339005
0.360056430101395
0.391792118549347
0.449081003665924
0.382385015487671
0.501994550228119
0.312957465648651
0.543858408927917
0.525801122188568
0.408220231533051
0.617610275745392
0.733738243579865
0.670927286148071
0.602434515953064
0.748522818088531
0.510834574699402
0.498467713594437
0.575711131095886
0.519572079181671
0.610729873180389
0.404870361089706
0.658363223075867
0.316058814525604
0.364249527454376
0.429376512765884
0.540928542613983
0.544559359550476
0.584912121295929
0.519700407981873
0.570501506328583
0.514042615890503
0.666430056095123
0.593167364597321
0.537420511245728
0.457318603992462
0.399640798568726
0.617510974407196
0.233655929565430
0.399012058973312
0.424807131290436
0.503396153450012
0.435218781232834
0.504696667194366
0.381673544645309
0.755496740341187
0.574992239475250
0.478141605854034
0.362947314977646
0.632847785949707
0.404873251914978
0.407553672790527
0.429125249385834
0.496504396200180
0.488711953163147
0.686260282993317
0.425838142633438
0.268783658742905
0.585768640041351
0.434354096651077
0.420309364795685
0.338761299848557
0.482028990983963
0.461024940013885
0.503147244453430
0.579612195491791
0.624534547328949
0.477561354637146
0.399178743362427
0.396246790885925
0.606492757797241
0.337257742881775
0.400849461555481
0.462045431137085
0.644574940204620
0.582674980163574
0.528257608413696
0.468415945768356
0.438405692577362
0.529473721981049
0.683078944683075
0.304665982723236
0.449580669403076
0.458245813846588
0.672662734985352
0.374495536088943
0.391938567161560
0.381409317255020
0.673043906688690
0.282892465591431
0.361972272396088
0.649810791015625
0.343615531921387
0.668465971946716
0.486865848302841
0.613685846328735
0.538124978542328
0.354272603988647
0.365261971950531
0.166238740086555
0.573755800724030
0.432730853557587
0.530380189418793
0.566399753093719
0.725010275840759
0.482393115758896
0.450423598289490
0.386397331953049
0.530485093593597
0.382183194160461
0.579865753650665
0.414549738168716
0.610172748565674
0.554607748985291
0.258401662111282
0.454847395420074
0.608649313449860
0.286551713943481
0.482129931449890
0.407309055328369
0.490918487310410
0.259310722351074
0.086793966591358
0.394221752882004
0.447653204202652
0.553330659866333
0.227302506566048
0.569023609161377
0.414553374052048
0.353848457336426
0.549256980419159
0.545336723327637
0.261815816164017
0.333416670560837
0.640641689300537
0.582166910171509
0.485119283199310
0.528531908988953
0.550022363662720
0.618933200836182
0.478615313768387
0.550690412521362
0.624279916286469
0.428038358688354
0.480634897947311
0.436122596263885
0.502506673336029
0.553335666656494
0.590935349464417
0.233455732464790
0.512522041797638
0.353425353765488
0.458705574274063
0.186067581176758
0.675841629505157
0.561013042926788
0.555754125118256
0.438561141490936
0.582872986793518
0.475731313228607
0.286252945661545
0.301272720098495
0.406629830598831
0.660159707069397
0.378954917192459
0.544370412826538
0.907630860805511
0.674715995788574
0.617913842201233
0.585275471210480
0.662021994590759
0.643594920635223
0.644385099411011
0.441963613033295
0.481858551502228
0.607083618640900
0.486231863498688
0.503223180770874
0.584439158439636
0.450923800468445
0.390036463737488
0.538268864154816
0.531756103038788
0.212733194231987
0.397184938192368
0.562177479267120
0.510415375232697
