-0.092845097184181
-0.176514446735382
-0.285261750221252
-0.429042071104050
-0.164297670125961
-0.156762629747391
-0.097714610397816
-0.177754744887352
-0.256601423025131
-0.368920475244522
-0.087014362215996
-0.134464457631111
-0.096117734909058
-0.078625187277794
-0.034891791641712
-0.039624419063330
-0.065777622163296
-0.230805754661560
-0.087878093123436
-0.075048953294754
-0.195200100541115
0.083595499396324
-0.061333578079939
-0.224293217062950
-0.107913561165333
-0.090517736971378
-0.096290640532970
-0.264486938714981
-0.340459227561951
-0.065148621797562
-0.359083265066147
0.030721837654710
-0.238772004842758
0.211143299937248
0.114214189350605
-0.253510534763336
-0.141198515892029
-0.315690219402313
-0.154112592339516
-0.094435356557369
-0.154628783464432
-0.087135367095470
-0.024215277284384
-0.113963767886162
-0.158394098281860
-0.024195615202188
-0.077454686164856
0.012460822239518
0.124327965080738
-0.084784686565399
-0.248277574777603
0.029323436319828
-0.210506409406662
-0.131399393081665
-0.177963182330132
-0.109667509794235
-0.045442719012499
-0.170907095074654
-0.100600689649582
0.249347075819969
0.160280585289001
-0.029728051275015
-0.147215783596039
-0.170540004968643
-0.041439689695835
-0.098865754902363
-0.183212861418724
-0.123931951820850
-0.042689841240644
-0.077580638229847
0.007086412981153
-0.071079388260841
-0.103761576116085
-0.078391388058662
-0.098603039979935
-0.184352785348892
-0.124182470142841
0.082218393683434
-0.122299671173096
-0.162421315908432
-0.339921116828918
-0.118065834045410
-0.117509022355080
0.037067823112011
-0.107350759208202
-0.214977964758873
-0.003995704464614
-0.105009891092777
0.137335836887360
-0.030842425301671
-0.112818822264671
-0.157664239406586
0.000671520188916
-0.032817970961332
-0.106046773493290
-0.220346540212631
-0.124079227447510
-0.100895233452320
-0.003165845060721
-0.385502517223358
-0.111488103866577
-0.176914691925049
-0.102152675390244
-0.096957273781300
-0.318876922130585
-0.377461314201355
-0.132556512951851
-0.151055306196213
-0.098736599087715
0.211453691124916
-0.072954788804054
-0.123119659721851
0.029511785134673
-0.171814918518066
-0.121812246739864
0.021667646244168
-0.161226272583008
0.000355139112798
-0.257970869541168
0.019371610134840
-0.247927188873291
-0.176567286252975
-0.106297463178635
-0.161635071039200
0.054787427186966
-0.110543958842754
-0.209334611892700
-0.098089493811131
-0.320342570543289
-0.231177136301994
-0.109107375144958
-0.095381326973438
-0.050281800329685
0.038421191275120
-0.300032436847687
-0.098625674843788
-0.137544989585876
-0.442832916975021
-0.193155020475388
0.132562786340714
-0.055777046829462
-0.211511448025703
-0.236136391758919
-0.091283865272999
-0.047256123274565
0.057815119624138
-0.281582146883011
-0.103468433022499
-0.181295379996300
-0.158796712756157
-0.021780202165246
-0.136404171586037
-0.174738556146622
-0.046323414891958
-0.112839087843895
-0.183360084891319
0.019003551453352
-0.083105780184269
-0.090258665382862
0.007515020202845
-0.250549614429474
-0.139600932598114
-0.061435952782631
-0.184586629271507
-0.151022002100945
-0.069457143545151
-0.242133215069771
-0.036300014704466
-0.147681936621666
0.097651600837708
-0.245636001229286
-0.172344878315926
-0.318347334861755
-0.100881628692150
0.072829209268093
-0.042883284389973
-0.144007101655006
-0.023096621036530
-0.215770155191422
0.054825212806463
-0.046419102698565
-0.063825592398643
-0.021536793559790
-0.018796088173985
-0.057276658713818
-0.041653055697680
-0.094163082540035
-0.391535431146622
-0.180682614445686
-0.196184024214745
-0.004597158171237
-0.147258013486862
-0.152854830026627
-0.197988733649254
-0.106957979500294
-0.114781007170677
-0.009554439224303
0.127018436789513
-0.096989981830120
-0.004275719635189
-0.106676936149597
-0.055778138339520
-0.104316487908363
-0.186566755175591
-0.004167510196567
-0.018045840784907
-0.137213900685310
-0.022389452904463
-0.030998462811112
0.051004376262426
-0.086651325225830
-0.127258524298668
-0.107866868376732
-0.067425921559334
-0.087236002087593
-0.120837673544884
0.060827191919088
-0.114881992340088
-0.146811053156853
-0.073739543557167
0.020511172711849
-0.153056010603905
-0.074500508606434
-0.069213762879372
-0.243930205702782
-0.093033432960510
-0.097286187112331
-0.107699163258076
-0.166115686297417
-0.168227821588516
0.036999173462391
0.153749614953995
-0.080785483121872
-0.101390331983566
-0.155236780643463
0.042766902595758
-0.079306900501251
0.050782553851604
-0.078829251229763
-0.100107304751873
0.078075453639030
-0.105284512042999
-0.105815008282661
-0.000400829216233
-0.020743785426021
-0.140873908996582
-0.081286668777466
-0.186690464615822
0.052958231419325
0.017280098050833
-0.285685658454895
-0.020230598747730
-0.164968982338905
-0.149689793586731
-0.253478556871414
-0.162024721503258
