0.076803065836430
-0.126478910446167
-0.038593117147684
-0.015577674843371
-0.000991769949906
0.094961233437061
0.121050879359245
-0.177842691540718
0.116813987493515
0.071870736777782
0.055669285356998
-0.090109206736088
0.008079452440143
-0.064429573714733
-0.109609395265579
-0.038569547235966
0.168876618146896
-0.114507295191288
0.164370685815811
0.108893565833569
0.083705857396126
-0.055676773190498
0.056448910385370
0.025645151734352
-0.078578867018223
-0.076002068817616
-0.066525503993034
0.066546015441418
-0.144259244203568
0.042044527828693
-0.073611237108707
0.000073010261985
0.067906238138676
-0.027828659862280
0.180687800049782
-0.091074593365192
-0.007935781031847
-0.068202927708626
-0.024622440338135
-0.068399459123611
0.082333587110043
-0.098374575376511
0.163068220019341
0.021414769813418
0.101194821298122
-0.019331799820065
-0.002312689786777
0.154531896114349
-0.075992010533810
-0.064948000013828
0.091555707156658
-0.019424656406045
0.075164504349232
-0.076034232974052
-0.049087397754192
-0.021550932899117
0.053182926028967
0.000628951587714
-0.132141634821892
-0.023957090452313
0.011364711448550
-0.060115538537502
-0.069211594760418
-0.053643792867661
