0.083278544247150
0.158178403973579
0.114616692066193
0.098719820380211
0.133506238460541
0.118952691555023
0.081182658672333
0.206748634576797
0.177713915705681
0.176865994930267
0.190811455249786
0.206234961748123
0.207188069820404
0.138180255889893
0.187052294611931
0.180712699890137
0.069219589233398
0.172745853662491
0.096439160406590
0.141853019595146
0.077032797038555
0.048384934663773
0.087137326598167
0.059964075684547
0.131275415420532
0.089593850076199
0.115481309592724
0.063583269715309
0.084449872374535
0.246178358793259
0.118717715144157
0.129797175526619
0.167818471789360
0.110898368060589
0.128328964114189
0.023116363212466
0.190686240792274
0.159789860248566
0.128204539418221
0.134420067071915
0.189908102154732
0.074470378458500
0.068421117961407
0.118136450648308
0.217951044440269
0.173836305737495
0.043529096990824
0.048818714916706
0.159690618515015
0.105052776634693
0.195398747920990
0.110409758985043
0.180743843317032
0.148067861795425
0.134208485484123
0.171946510672569
0.118306331336498
0.106834538280964
0.065258584916592
0.087834477424622
0.290327817201614
0.172943770885468
0.153515338897705
0.263499110937119
0.100726604461670
0.087055839598179
0.058351289480925
0.181252151727676
0.070777341723442
0.182014465332031
0.192628949880600
0.145916312932968
0.087717413902283
0.138359263539314
0.061537966132164
0.161881417036057
0.121548801660538
0.122537136077881
0.170125395059586
0.143409699201584
0.166695803403854
0.245832175016403
0.076244801282883
0.096740663051605
0.131687179207802
0.071689441800117
0.137892290949821
0.054053414613008
0.307538419961929
0.085948981344700
0.099307537078857
0.128513500094414
0.234141334891319
0.172300249338150
0.197322964668274
0.208063870668411
0.096718445420265
0.133883014321327
0.059685800224543
0.107501760125160
0.146256178617477
0.142035678029060
0.034871298819780
0.167228385806084
0.163389593362808
0.053274370729923
0.063042156398296
0.189717397093773
0.129190146923065
0.144667983055115
0.096073567867279
0.302227050065994
0.027168611064553
0.095590658485889
0.108773224055767
0.162118449807167
0.118282221257687
0.147275730967522
0.205762788653374
0.178119748830795
0.111226014792919
0.192587137222290
0.171117216348648
0.425532698631287
0.142410516738892
0.284857302904129
0.057190280407667
0.028077591210604
0.067414671182632
0.082192964851856
0.138421133160591
0.083741366863251
0.051743075251579
0.068311013281345
0.218189880251884
0.224070057272911
0.167925700545311
0.181440383195877
0.216691479086876
0.174639374017715
0.170284911990166
0.197235941886902
0.043188575655222
0.174252510070801
0.142335310578346
0.167747095227242
0.156143814325333
0.156820967793465
0.118629157543182
0.081837713718414
0.127886623144150
0.114575296640396
0.152920931577682
0.117791734635830
0.111007072031498
0.152737051248550
0.180609703063965
0.131344348192215
0.122937537729740
0.141758069396019
0.053127363324165
0.082994922995567
0.138582244515419
0.205762207508087
0.062649637460709
0.192354679107666
0.167205825448036
0.148687243461609
0.095509044826031
0.112844102084637
0.096842356026173
0.072767935693264
0.269120275974274
0.167356655001640
0.137172669172287
0.092855811119080
0.105356276035309
0.238660499453545
0.086389385163784
0.163941770792007
0.136893332004547
0.147980675101280
0.174123153090477
0.132650762796402
0.103637866675854
0.113807320594788
0.078038968145847
0.100174985826015
0.182103499770164
0.114699527621269
0.208390787243843
0.202735722064972
0.182502627372742
0.080589368939400
0.107462786138058
0.098215319216251
0.071611821651459
0.142510861158371
0.016671368852258
0.170584097504616
0.156088501214981
0.213541775941849
0.131297588348389
0.123670339584351
0.276962041854858
0.114461362361908
0.138976603746414
0.327660411596298
0.180025622248650
0.174070179462433
0.067227497696877
0.129141241312027
0.029367551207542
0.216619417071342
0.100672580301762
0.193787619471550
0.142284333705902
0.136618271470070
0.171528175473213
0.107222005724907
0.060276553034782
0.261704593896866
0.283926934003830
0.150415286421776
0.192685261368752
0.200530588626862
0.245531797409058
0.063456833362579
0.123839072883129
0.151952221989632
0.201056316494942
0.180095285177231
0.142551466822624
0.060532562434673
0.132823362946510
0.139877989888191
0.246919512748718
0.190073952078819
0.031382504850626
0.181779369711876
0.042462978512049
0.139310091733932
0.119208596646786
0.119347855448723
0.072779931128025
0.174504950642586
0.176383867859840
0.156113952398300
0.136046871542931
0.159634038805962
0.102312289178371
0.067650884389877
0.171744674444199
0.186767667531967
0.099118605256081
0.171532675623894
