-0.045022666454315
-0.119797661900520
-0.045348897576332
0.033880554139614
-0.155755996704102
-0.017719216644764
0.019484415650368
-0.030616467818618
-0.078848153352737
0.066216953098774
-0.005906848702580
-0.058845907449722
-0.141487032175064
0.067460991442204
0.030511492863297
0.171322807669640
-0.079012706875801
0.041126795113087
0.019657103344798
0.105526663362980
-0.099912032485008
-0.064321130514145
-0.105161853134632
0.180867254734039
-0.128728494048119
0.184000134468079
0.063128136098385
0.039222743362188
-0.028401548042893
-0.095819696784019
0.091710947453976
-0.094516009092331
-0.050208754837513
0.053529698401690
0.191760942339897
-0.027736807242036
-0.093788035213947
0.038381233811378
-0.013531782664359
0.076544933021069
-0.038792863488197
-0.051467396318913
0.034836411476135
-0.110525183379650
-0.075620017945766
-0.060433842241764
-0.035190735012293
0.051351893693209
-0.031681898981333
-0.069946646690369
-0.016807714477181
-0.052042946219444
-0.056556325405836
-0.119751505553722
-0.115853421390057
0.247617766261101
-0.096267469227314
-0.096994280815125
0.146885469555855
-0.045027893036604
-0.068198718130589
-0.044821787625551
-0.022813046351075
-0.012581486254930
0.145115658640862
-0.095938369631767
0.012160001322627
0.085415340960026
0.028537662699819
-0.088916786015034
-0.004380100872368
0.039157856255770
0.034851361066103
-0.072223007678986
-0.005814722273499
-0.032389894127846
-0.013466918841004
-0.084696933627129
0.072112731635571
-0.115008622407913
-0.079974189400673
0.041737914085388
0.051690597087145
-0.018861768767238
-0.071415960788727
-0.023714298382401
-0.084982946515083
0.079004600644112
0.073695190250874
-0.040642824023962
-0.184439182281494
-0.114665254950523
0.011853729374707
-0.031812854111195
-0.129776552319527
0.003914665430784
-0.021611800417304
0.044542927294970
0.054319020360708
-0.159864440560341
-0.015360138379037
0.175988286733627
-0.048695910722017
-0.069783248007298
0.097015239298344
0.033092018216848
-0.127911120653152
0.009210074320436
0.033490687608719
-0.082045018672943
0.029701258987188
0.000584154739045
-0.124994322657585
0.132705658674240
-0.018472913652658
0.151242807507515
-0.021580951288342
0.054759658873081
0.017860246822238
-0.049403157085180
0.032190877944231
-0.185344055294991
0.019845830276608
0.011368571780622
-0.107489079236984
0.182580947875977
0.037341963499784
-0.053415797650814
