0.504705011844635
0.500088989734650
0.508384048938751
0.625224292278290
0.573157191276550
0.566209077835083
0.591269075870514
0.382845312356949
0.534551560878754
0.649941146373749
0.592394053936005
0.452487826347351
0.450803518295288
0.353944540023804
0.516004085540771
0.415390968322754
0.455506891012192
0.318389624357224
0.540738284587860
0.473694026470184
0.401644051074982
0.484021455049515
0.498370617628098
0.499722599983215
0.584266424179077
0.487780988216400
0.635920047760010
0.451489865779877
0.374916195869446
0.437228739261627
0.624761462211609
0.501069247722626
0.385011196136475
0.577123522758484
0.640020072460175
0.437963008880615
0.523970305919647
0.457205057144165
0.402122050523758
0.601217091083527
0.435930967330933
0.493817448616028
0.484988451004028
0.506380319595337
0.522260904312134
0.603932738304138
0.564903140068054
0.497427970170975
0.498372524976730
0.459671735763550
0.516592025756836
0.549845516681671
0.798690378665924
0.642005443572998
0.374292403459549
0.461780995130539
0.567462027072906
0.576118707656860
0.535670578479767
0.365468055009842
0.494399160146713
0.480058819055557
0.447029441595078
0.648659110069275
0.609574854373932
0.534108340740204
0.528134524822235
0.516868889331818
0.521789073944092
0.555418372154236
0.464605301618576
0.426175475120544
0.389072537422180
0.486854672431946
0.457730591297150
0.539921402931213
0.493282139301300
0.483354389667511
0.469484120607376
0.527733445167542
0.782860875129700
0.506021261215210
0.482712715864182
0.446595996618271
0.551902890205383
0.488001793622971
0.426466971635818
0.556558430194855
0.316634297370911
0.690670967102051
0.516198337078094
0.559685111045837
0.575598001480103
0.540340304374695
0.458025693893433
0.448078721761703
0.501631975173950
0.545224249362946
0.564684569835663
0.465390861034393
0.450888574123383
0.494796752929688
0.528042614459991
0.605640769004822
0.574702203273773
0.500103414058685
0.470557361841202
0.447704225778580
0.433542281389236
0.594898641109467
0.560307323932648
0.483326882123947
0.547460198402405
0.487804710865021
0.591928422451019
0.655954301357269
0.493697315454483
0.574084401130676
0.618780970573425
0.480761051177979
0.643568813800812
0.539204955101013
0.431031256914139
0.497360289096832
0.595762014389038
0.407079458236694
0.498330175876617
0.394606024026871
0.435829609632492
0.454665511846542
0.567021787166595
0.411908328533173
0.431680589914322
0.477692633867264
0.511807918548584
0.497890323400497
0.477531105279922
0.582642495632172
0.527922809123993
0.610184371471405
0.549267411231995
0.504733741283417
0.519800782203674
0.500650286674500
0.556745052337646
0.306577146053314
0.680457115173340
0.450274914503098
0.424272119998932
0.521510601043701
0.448708385229111
0.339468419551849
0.415557086467743
0.596992850303650
0.440906554460526
0.428667753934860
0.506518900394440
0.435486167669296
0.424053937196732
0.563638269901276
0.485581666231155
0.412523627281189
0.488259792327881
0.493037045001984
0.559009790420532
0.554164290428162
0.496927887201309
0.600910544395447
0.576571583747864
0.562480151653290
0.533302366733551
0.480201154947281
0.455451905727386
0.554992675781250
0.675495922565460
0.501100003719330
0.633123278617859
0.585594117641449
0.434269577264786
0.646620750427246
0.484759390354156
0.434277176856995
0.410235345363617
0.565078914165497
0.449265480041504
0.335988670587540
0.441542863845825
0.645982503890991
0.538710117340088
0.498943120241165
0.448649138212204
0.565331637859344
0.643964588642120
0.538004457950592
0.519379794597626
0.573911368846893
0.391821593046188
0.307237237691879
0.414624422788620
0.462069988250732
0.513433337211609
0.513438522815704
0.423993617296219
0.464020997285843
0.533564031124115
0.611669838428497
0.382132083177567
0.489403843879700
0.424616873264313
0.561216175556183
0.463890135288239
0.557017147541046
0.459218502044678
0.534832656383514
0.409666717052460
0.521745681762695
0.514480054378510
0.412128359079361
0.512716472148895
0.644616007804871
0.568285286426544
0.497042566537857
0.366437375545502
0.444112479686737
0.487765580415726
0.414627015590668
0.464714556932449
0.584224164485931
0.691616058349609
0.382607579231262
0.333213001489639
0.595243275165558
0.508878052234650
0.417974054813385
0.350226104259491
0.515533983707428
0.452615082263947
0.487136214971542
0.475952565670013
0.536123096942902
0.618673682212830
0.284259915351868
0.461966276168823
0.687501847743988
0.554014384746552
0.444546431303024
0.435469031333923
0.485666871070862
0.421365529298782
0.525541901588440
0.591512501239777
0.524465501308441
0.475229501724243
0.445235937833786
0.424989432096481
0.618244230747223
