0.549478828907013
0.504992663860321
0.650419056415558
0.710120618343353
0.418224453926086
0.528775215148926
0.430230051279068
0.380810737609863
0.643559038639069
0.561421096324921
0.563809871673584
0.847586154937744
0.651534736156464
0.667158544063568
0.448030978441238
0.408823668956757
0.416002511978149
0.392828136682510
0.455691933631897
0.642446517944336
0.547811567783356
0.631676912307739
0.538469076156616
0.483344405889511
0.633641660213470
0.511954367160797
0.501839041709900
0.490207731723785
0.314695030450821
0.786899745464325
1.079466700553894
0.500630497932434
0.440942704677582
0.488636910915375
0.543529093265533
0.517281413078308
0.409644573926926
0.510675668716431
0.737611770629883
0.470124006271362
0.796773791313171
0.433336019515991
0.737152040004730
0.658053934574127
0.462243378162384
0.487598448991776
0.460774242877960
0.642348289489746
0.430661082267761
0.390523105859756
0.802515506744385
0.562815904617310
0.528940021991730
0.474151372909546
0.469219893217087
0.406373351812363
0.444262266159058
0.486696183681488
0.598062515258789
0.449611335992813
0.511586368083954
0.565851509571075
0.690543174743652
0.471041113138199
