0.017211364582181
0.021573357284069
0.011357429437339
0.059367768466473
0.006465028040111
0.013679254800081
0.014381007291377
0.101409204304218
0.016838846728206
0.021629335358739
0.018246307969093
0.017598316073418
0.018937902525067
0.008641451597214
0.040162138640881
0.009419983252883
0.008563977666199
0.019716322422028
0.019161857664585
0.020783998072147
0.028723219409585
0.017871167510748
0.017851572483778
0.005860956851393
0.019317187368870
0.012758088298142
0.013573372736573
0.012042999267578
0.067392066121101
0.007692784536630
0.013016080483794
0.013344490900636
0.025243505835533
0.011334581300616
0.015169180929661
0.034912582486868
0.016947364434600
0.005242536310107
0.005532530602068
0.013515169732273
0.021669914945960
0.009357407689095
0.010150306858122
0.021848240867257
0.007869143970311
0.035233985632658
0.011096379719675
0.011361548677087
0.016735510900617
0.031973786652088
0.013260206207633
0.010856733657420
0.017744999378920
0.007352196145803
0.008923631161451
0.005100646056235
0.029261901974678
0.022165037691593
0.022046750411391
0.006578220985830
0.013377940282226
0.024212686344981
0.012800010852516
0.009404189884663
