0.020104190334678
0.014438510872424
0.025349043309689
0.018333924934268
0.015725638717413
0.047415371984243
0.006730278022587
0.017155511304736
0.019802212715149
0.030017428100109
0.016759295016527
0.021503811702132
0.025814266875386
0.003357661189511
0.033850096166134
0.007745646871626
0.033986710011959
0.016798160970211
0.005370259284973
0.029351487755775
0.023915858939290
0.016997622326016
0.024579253047705
0.017801821231842
0.014814360067248
0.014638334512711
0.015395675785840
0.028432840481400
0.022675948217511
0.028171425685287
0.034800913184881
0.016122860834002
0.030607352033257
0.034613944590092
0.037454910576344
0.035538066178560
0.018784582614899
0.025968302041292
0.026586895808578
0.009415540844202
0.016009928658605
0.019942108541727
0.014952235855162
0.020321797579527
0.020797872915864
0.004272407852113
0.028794193640351
0.024545414373279
0.046307098120451
0.014766376465559
0.019201340153813
0.024827281013131
0.013625676743686
0.014683056622744
0.012850167229772
0.008774901740253
0.036064703017473
0.056994784623384
0.004562701564282
0.090312480926514
0.026888903230429
0.034842632710934
0.013495850376785
0.010742890648544
0.022426009178162
0.018979061394930
0.022964879870415
0.011895392090082
0.022420840337873
0.004596706945449
0.013881089165807
0.060853820294142
0.049719009548426
0.004200624302030
0.028661653399467
0.016873007640243
0.018883708864450
0.015128409489989
0.012980391271412
0.008239721879363
0.012981290929019
0.017655251547694
0.012533798813820
0.031103780493140
0.012686685658991
0.033250804990530
0.027929818257689
0.032294567674398
0.028633171692491
0.022536044940352
0.009282282553613
0.009491628967226
0.062797330319881
0.019925804808736
0.003960784524679
0.040908701717854
0.010398110374808
0.003392028622329
0.019345002248883
0.017790623009205
0.002498809946701
0.032005280256271
0.011113094165921
0.021600119769573
0.019271496683359
0.022595494985580
0.021481877192855
0.014495264738798
0.033360373228788
0.092059180140495
0.010583057068288
0.011695936322212
0.017562696710229
0.043653916567564
0.008844605647027
0.022755336016417
0.013853182084858
0.020142097026110
0.016600685194135
0.023465139791369
0.036676168441772
0.015522561967373
0.014978023245931
0.022914687171578
0.038398567587137
0.034640874713659
0.017538601532578
0.025844693183899
0.031394734978676
0.016576960682869
0.024298947304487
0.015552592463791
0.013660355471075
0.016815828159451
0.013051480054855
0.004352925810963
0.012020483613014
0.030304908752441
0.015635162591934
0.020035609602928
0.012541858479381
0.019910193979740
0.035760756582022
0.008808494545519
0.041382167488337
0.018585151061416
0.018227722495794
0.003857951611280
0.031229892745614
0.010992169380188
0.022221632301807
0.010790199041367
0.037365388125181
0.015014788135886
0.013137357309461
0.037966590374708
0.018887879326940
0.020857363939285
0.022079346701503
0.033334225416183
0.026266887784004
0.013343186117709
0.011873675510287
0.007954854518175
0.017024831846356
0.016875583678484
0.037972185760736
0.003936711233109
0.017183177173138
0.027071794494987
0.025089779868722
0.037096869200468
0.012071465142071
0.005843115504831
0.016299040988088
0.031045546755195
0.007256503216922
0.011407095938921
0.020531782880425
0.019479995593429
0.020537547767162
0.007712719030678
0.033001337200403
0.016719585284591
0.022799698635936
0.016970839351416
0.009293538518250
0.031216822564602
0.023570310324430
0.053291585296392
0.007248249370605
0.014419252984226
0.027284175157547
0.034949559718370
0.017936125397682
0.020817322656512
0.016194079071283
0.022729706019163
0.027182191610336
0.017057141289115
0.015904596075416
0.017852030694485
0.024595456197858
0.045041948556900
0.014951946213841
0.018628850579262
0.011521650478244
0.015095592476428
0.014890753664076
0.014501302503049
0.014711710624397
0.011625212617218
0.016252718865871
0.027436949312687
0.004158620256931
0.005012952722609
0.032244540750980
0.006872348487377
0.013377386145294
0.005848554428667
0.012508453801274
0.017777560278773
0.015644358471036
0.012850107625127
0.031497817486525
0.015141757205129
0.006818817462772
0.003644056851044
0.019426472485065
0.029129587113857
0.014927377924323
0.033309813588858
0.023218002170324
0.024000011384487
0.016659058630466
0.016911700367928
0.018172420561314
0.012264299206436
0.016072593629360
0.015099847689271
0.020322937518358
0.016203515231609
0.006361439358443
0.014238563366234
0.019701890647411
0.022911755368114
0.013688006438315
0.017233854159713
0.028670981526375
0.022229608148336
0.068231023848057
0.024711264297366
0.027352416887879
0.024102641269565
0.015822397544980
0.009456874802709
