-0.110683567821980
-0.046646442264318
-0.248288825154305
0.122476190328598
0.053809229284525
-0.072125256061554
-0.001528455875814
-0.054435439407825
-0.181833267211914
-0.017480660229921
-0.131834566593170
-0.095632143318653
-0.150741502642632
-0.058939091861248
-0.062946058809757
-0.110403656959534
-0.092986956238747
0.024086555466056
0.010281437076628
-0.109371498227119
-0.027850443497300
-0.166119828820229
-0.167571261525154
-0.162372723221779
0.004075000062585
-0.118573710322380
-0.056421346962452
-0.028389334678650
0.078284442424774
-0.230024039745331
-0.022092513740063
-0.222209692001343
0.019911328330636
-0.236701101064682
-0.054926302284002
0.054882641881704
-0.103131555020809
0.007035081740469
-0.086446851491928
-0.004476225934923
-0.141027897596359
-0.114879399538040
-0.032892361283302
-0.057584665715694
-0.029885288327932
-0.069901645183563
-0.165372386574745
-0.082676805555820
-0.131349891424179
-0.090880267322063
-0.044595573097467
-0.065829694271088
-0.063870847225189
-0.039357766509056
-0.029838018119335
-0.012373073957860
-0.098658531904221
-0.119153730571270
-0.024716282263398
-0.080224767327309
-0.145026758313179
-0.192971706390381
0.026721952483058
0.062526956200600
-0.098623156547546
-0.008757302537560
-0.139091134071350
-0.053734727203846
-0.144812956452370
-0.019487345591187
-0.035136356949806
-0.122647695243359
-0.214834883809090
-0.040135048329830
0.012256115674973
-0.170197784900665
-0.078007988631725
-0.089368760585785
-0.045624751597643
0.034055490046740
-0.001951628131792
-0.139869883656502
0.008254327811301
-0.203545644879341
0.017761746421456
-0.200197964906693
-0.087239332497120
-0.165216818451881
-0.106648519635201
-0.123597659170628
0.003655181266367
-0.071370407938957
-0.218401163816452
-0.085180073976517
0.022531425580382
0.122583180665970
-0.040058039128780
0.040137838572264
-0.125438451766968
0.030757177621126
-0.022141644731164
-0.163413837552071
-0.103665195405483
-0.112244278192520
-0.071450360119343
-0.097841814160347
-0.056332547217607
-0.085748843848705
0.032815326005220
-0.296218067407608
-0.000453907443443
0.003311660606414
-0.157880112528801
-0.178176552057266
-0.040146477520466
-0.165532663464546
-0.113201685249805
0.014615316875279
0.142151936888695
-0.200135871767998
-0.065987817943096
-0.027506968006492
-0.014598019421101
-0.044578697532415
-0.193392500281334
-0.151796445250511
-0.176886618137360
0.029719190672040
-0.010897426865995
0.099454499781132
-0.000227591212024
-0.098884053528309
-0.072144232690334
-0.052305441349745
0.001114120008424
0.014254488050938
-0.121001161634922
0.116896368563175
-0.049900323152542
-0.143520578742027
-0.097160451114178
0.074736915528774
-0.244387552142143
-0.044951137155294
-0.052303820848465
-0.051067445427179
-0.035434540361166
-0.016905967146158
-0.158372506499290
0.041389737278223
-0.045954115688801
-0.079342886805534
0.014559856615961
0.015330382622778
-0.089138530194759
-0.035963289439678
-0.066856570541859
-0.081613279879093
-0.077068686485291
-0.260372191667557
-0.250822693109512
-0.067970328032970
-0.144659072160721
0.047532610595226
-0.108977146446705
-0.049597140401602
-0.217526197433472
-0.012159023433924
-0.082820996642113
-0.095547460019588
-0.043190695345402
-0.087121978402138
-0.027930542826653
-0.054597754031420
-0.111698664724827
-0.125486060976982
-0.014887671917677
-0.095289535820484
-0.149402216076851
0.008610510267317
-0.129404172301292
-0.066832028329372
-0.060766160488129
-0.047355473041534
-0.014366894029081
-0.009760806336999
-0.047916024923325
0.160513147711754
-0.097166754305363
-0.108638063073158
-0.093210108578205
-0.104363285005093
-0.104182370007038
-0.017244525253773
-0.043936058878899
-0.054653603583574
-0.086658544838428
-0.132333040237427
-0.146259829401970
-0.195011273026466
-0.071803346276283
-0.123216778039932
-0.179678767919540
-0.097251310944557
-0.056244388222694
-0.076616205275059
0.019100058823824
-0.102101653814316
-0.051156073808670
-0.143029972910881
-0.135295599699020
-0.151140898466110
-0.009909811429679
-0.110654853284359
0.009368053637445
0.002408866304904
-0.068810999393463
-0.055326268076897
-0.066157564520836
0.026991490274668
-0.143932700157166
-0.088180795311928
-0.012295121327043
-0.079731911420822
0.108510203659534
-0.045218441635370
-0.007407057564706
-0.000234463645029
-0.017755435779691
-0.134483367204666
-0.160146191716194
-0.165460050106049
-0.118824683129787
-0.092025384306908
-0.140893191099167
-0.121380366384983
0.001841379096732
-0.067209899425507
-0.081910878419876
-0.085874624550343
-0.140102386474609
-0.110490359365940
-0.034113675355911
-0.160909593105316
-0.177914902567863
-0.156501919031143
-0.048555351793766
-0.088238693773746
-0.131948754191399
0.005665498320013
-0.095656722784042
-0.212357223033905
-0.146921172738075
-0.175427138805389
-0.092053413391113
-0.049961194396019
