0.009874998591840
0.003140185493976
0.012354881502688
0.004614027682692
0.010659649036825
0.006626023910940
0.009500855579972
0.007346569094807
0.020384304225445
0.012544519267976
0.006059483624995
0.005925186909735
0.003814800875261
0.004862135276198
0.004077822435647
0.005975523963571
0.007368377409875
0.004952122457325
0.010947107337415
0.010686650872231
0.013945101760328
0.006751263514161
0.005619139410555
0.008083758875728
0.007502019405365
0.007814015261829
0.007896344177425
0.007501822896302
0.005609222222120
0.006606259383261
0.003952434752136
0.005923395510763
0.001975063001737
0.006670692004263
0.016805501654744
0.008118143305182
0.014645894989371
0.016754562035203
0.007613658439368
0.004976462107152
0.005375325679779
0.004993633832783
0.002170525956899
0.004376833792776
0.011501738801599
0.012805261649191
0.005345686804503
0.020716318860650
0.012933597899973
0.005114477127790
0.005323134828359
0.011462396942079
0.013537768274546
0.007640972267836
0.013428311794996
0.004762833938003
0.012119928374887
0.013545082882047
0.006428670138121
0.011590762995183
0.014787387102842
0.005287491250783
0.010952658019960
0.007907350547612
0.006085811182857
0.026110205799341
0.009742900729179
0.004525224212557
0.006875621154904
0.007858604192734
0.006780336145312
0.003625224810094
0.008970891125500
0.005952202714980
0.007427754346281
0.011113349348307
0.004260167945176
0.010970261879265
0.010408181697130
0.010491424240172
0.008837402798235
0.015581670217216
0.007694452069700
0.013166558928788
0.014230369590223
0.009593954309821
0.013956842944026
0.009827027097344
0.009066605009139
0.023571146652102
0.009278199635446
0.014820854179561
0.006615042220801
0.005846996325999
0.005075703840703
0.008458368480206
0.015600082464516
0.008471433073282
0.020392600446939
0.008453946560621
0.005921570584178
0.006177685223520
0.009429961442947
0.015092746354640
0.019099706783891
0.019381051883101
0.006352443248034
0.005460646934807
0.012401081621647
0.003188642673194
0.010226720012724
0.005407660268247
0.006248433142900
0.014162829145789
0.015299979597330
0.007186813279986
0.012380963191390
0.016786243766546
0.013924718834460
0.009545391425490
0.007115453947335
0.012320512905717
0.004874316044152
0.008990179747343
0.011087205260992
0.004363733809441
0.009143642149866
0.012343970127404
0.010850713588297
0.004365031141788
0.004272827878594
0.010602285154164
0.016946444287896
0.008459593169391
0.008627578616142
0.009318261407316
0.010405711829662
0.006925597786903
0.010679210536182
0.017680244520307
0.010145321488380
0.009474102407694
0.004618591628969
0.015450981445611
0.021283693611622
0.009417317807674
0.009670769795775
0.006185132544488
0.011410298757255
0.008225742727518
0.006476649548858
0.008932434022427
0.003812021110207
0.015068405307829
0.004244409035891
0.008143687620759
0.010874531231821
0.011912635527551
0.004744089674205
0.005247293040156
0.012465537525713
0.005250295624137
0.007814675569534
0.009206647053361
0.017110066488385
0.010722392238677
0.003679378889501
0.007672541774809
0.011913360096514
0.008913153782487
0.004261361435056
0.007092461921275
0.012293883599341
0.011114043183625
0.007433732040226
0.006080272607505
0.007745012640953
0.006743669975549
0.018208952620625
0.009965473785996
0.007631608285010
0.008738602511585
0.007668810430914
0.008732810616493
0.009318699128926
0.016755979508162
0.007583166938275
0.005578880663961
0.006506205070764
0.006507560610771
0.004766819067299
0.003275952767581
0.007493335288018
0.012447210028768
0.005537169519812
0.006627057213336
0.010304224677384
0.008813239634037
0.007059277966619
0.004808467812836
0.009636200964451
0.005940878763795
0.011836741119623
0.013182302005589
0.011416629888117
0.003518522251397
0.006057720631361
0.013004924170673
0.010654745623469
0.007036093156785
0.011802895925939
0.010293887928128
0.008055960759521
0.007866893894970
0.001879062619992
0.007858438417315
0.006847068201751
0.010958855040371
0.003114191815257
0.010184751823545
0.008480170741677
0.009345526807010
0.005491937045008
0.017134420573711
0.009654887020588
0.038979873061180
0.012964072637260
0.008666618727148
0.012602416798472
0.010883352719247
0.015387369319797
0.006569965276867
0.008839013054967
0.003159940009937
0.012832324020565
0.018888043239713
0.010670208372176
0.013762841932476
0.010647587478161
0.024055557325482
0.007362227886915
0.010244374163449
0.005345606710762
0.003381927032024
0.011732489801943
0.012155090458691
0.005657438188791
0.004585003014654
0.005113841034472
0.004908536560833
0.014302842319012
0.007511011790484
0.005162110552192
0.009985703043640
0.009727211669087
0.007726658135653
