0.421699076890945
0.166406303644180
0.431197464466095
0.275178462266922
0.544848501682281
0.491410285234451
0.591963350772858
0.183211609721184
0.531963765621185
0.509609162807465
0.344867080450058
0.170121312141418
0.601943910121918
0.699900984764099
0.580219924449921
0.364073663949966
0.308668106794357
0.382484078407288
0.307687997817993
0.212665721774101
0.580026447772980
0.392736524343491
0.572564363479614
0.241288930177689
0.557462811470032
0.655834496021271
0.427778393030167
0.578367888927460
0.463508427143097
0.331673353910446
0.539737105369568
0.523795962333679
0.551203131675720
0.557875692844391
0.176606521010399
0.451165199279785
0.223448991775513
0.471386313438416
0.311594933271408
0.301525175571442
0.627236723899841
0.195632591843605
0.453449994325638
0.214108183979988
0.705141186714172
0.429593265056610
0.452256441116333
0.611173748970032
0.193481311202049
0.481692284345627
0.575513303279877
0.501240432262421
0.400791943073273
0.562776803970337
0.539136171340942
0.276053190231323
0.558827877044678
0.563974976539612
0.648244261741638
0.595091760158539
0.398196071386337
0.515854239463806
0.423858314752579
0.204842984676361
0.640522420406342
0.291810661554337
0.352730125188828
0.682338654994965
0.205923616886139
0.415406912565231
0.190400704741478
0.472383737564087
0.287495106458664
0.463382393121719
0.548538982868195
0.239824429154396
0.472349226474762
0.626951277256012
0.527221798896790
0.192181140184402
0.235382407903671
0.726675868034363
0.300448626279831
0.413430839776993
0.403647661209106
0.175509303808212
0.264883518218994
0.179796770215034
0.503140747547150
0.388283491134644
0.174332588911057
0.520083427429199
0.211184516549110
0.513517260551453
0.240208148956299
0.419205009937286
0.178929626941681
0.363992035388947
0.195240199565887
0.195023506879807
0.649906933307648
0.213256895542145
0.210125610232353
0.578415811061859
0.493614763021469
0.611465275287628
0.556176245212555
0.538410365581512
0.174070715904236
0.259381115436554
0.599346697330475
0.253111094236374
0.745497345924377
0.628031849861145
0.301900923252106
0.573177218437195
0.456670403480530
0.221526592969894
0.192556560039520
0.287293463945389
0.494355410337448
0.537391483783722
0.185376659035683
0.606903016567230
0.271103084087372
0.244195520877838
0.452676922082901
0.590263426303864
