0.387023061513901
0.467323601245880
0.405465900897980
0.583614349365234
0.468765884637833
0.495804935693741
0.346899449825287
0.590884387493134
0.300778955221176
0.467673182487488
0.341043710708618
0.519602835178375
0.583073198795319
0.446034789085388
0.479875355958939
0.480780690908432
0.391480267047882
0.516337156295776
0.322442591190338
0.265168607234955
0.303810358047485
0.405618816614151
0.463353753089905
0.392808079719543
0.440220564603806
0.464382529258728
0.515624463558197
0.449814647436142
0.602174520492554
0.490952312946320
0.570631563663483
0.551373422145844
0.174926489591599
0.412599414587021
0.315931558609009
0.654393315315247
0.462509423494339
0.406303673982620
0.445356994867325
0.561076521873474
0.451355487108231
0.516687393188477
0.344660967588425
0.348210483789444
0.373007625341415
0.634614586830139
0.346895545721054
0.325336992740631
0.468844681978226
0.478514909744263
0.751598417758942
0.373909771442413
0.333123564720154
0.436568826436996
0.448705017566681
0.383905351161957
0.332438677549362
0.505502104759216
0.538339078426361
0.355754822492599
0.375768661499023
0.415001958608627
0.491167396306992
0.379629343748093
