-0.040216047316790
-0.022475276142359
-0.038134831935167
-0.017199745401740
-0.032432649284601
-0.024388017132878
-0.005409086588770
-0.039993923157454
-0.051722999662161
-0.046111200004816
-0.017987558618188
-0.023990789428353
-0.019350035116076
-0.023470913991332
-0.015953572466969
-0.023390414193273
-0.047766044735909
-0.038097027689219
-0.029010189697146
-0.028120756149292
-0.034542001783848
-0.041980993002653
-0.021539058536291
-0.018492000177503
-0.017377264797688
-0.029384557157755
-0.030234564095736
-0.020742196589708
-0.019764721393585
-0.025574302300811
-0.027632536366582
-0.015356717631221
-0.020538594573736
-0.021898357197642
-0.043973799794912
-0.009310702793300
-0.034614596515894
-0.026441819965839
-0.033823765814304
-0.024966811761260
-0.013760130852461
-0.032292220741510
-0.014454601332545
-0.010512482374907
-0.056502349674702
-0.039288751780987
-0.022426653653383
-0.062714509665966
-0.044375892728567
-0.019225876778364
-0.027927443385124
-0.039893191307783
-0.040312256664038
-0.031142115592957
-0.025625528767705
-0.020056344568729
-0.028118468821049
-0.044054627418518
-0.024371964856982
-0.038488443940878
-0.049300812184811
-0.019237469881773
-0.038297537714243
-0.025859000161290
-0.018596081063151
-0.053084284067154
-0.038358557969332
-0.014661610126495
-0.027103485539556
-0.023524915799499
-0.041492726653814
-0.016411829739809
-0.024828610941768
-0.042771659791470
-0.026793047785759
-0.042318664491177
-0.020814862102270
-0.026529315859079
-0.031510226428509
-0.029115602374077
-0.030580215156078
-0.054984521120787
-0.037433251738548
-0.046855505555868
-0.043450053781271
-0.032757043838501
-0.042722083628178
-0.020650396123528
-0.021023899316788
-0.051851328462362
-0.020191833376884
-0.018147824332118
-0.036850217729807
-0.021379070356488
-0.025362284854054
-0.031000725924969
-0.043097458779812
-0.032410562038422
-0.045152261853218
-0.022161422297359
-0.026112683117390
-0.021437549963593
-0.021861575543880
-0.039532534778118
-0.040166832506657
-0.035724263638258
-0.028146792203188
-0.007117542903870
-0.027520852163434
-0.008906682021916
-0.025493886321783
-0.025177199393511
-0.021787831559777
-0.042239084839821
-0.040105372667313
-0.027197603136301
-0.020282503217459
-0.034270431846380
-0.052426517009735
-0.005238718353212
-0.024789933115244
-0.034266993403435
-0.020000101998448
-0.031735904514790
-0.040446575731039
-0.025708341971040
-0.024975679814816
-0.032893817871809
-0.033270750194788
-0.014008442871273
-0.020894791930914
-0.040461536496878
-0.053245831280947
-0.032702889293432
-0.015553121455014
-0.030820908024907
-0.023759802803397
-0.014431376941502
-0.022521154955029
-0.029344022274017
-0.057373419404030
-0.031067200005054
-0.022751091048121
-0.030948815867305
-0.049083374440670
-0.022664338350296
-0.030638786032796
-0.025456942617893
-0.049447312951088
-0.024972012266517
-0.023644452914596
-0.024105498567224
-0.013592008501291
-0.052394181489944
-0.024369858205318
-0.034751806408167
-0.033993225544691
-0.053636811673641
-0.020235139876604
-0.018285099416971
-0.041270457208157
-0.018657453358173
-0.017668491229415
-0.025230295956135
-0.042730830609798
-0.035058751702309
-0.026146257296205
-0.037621531635523
-0.036407813429832
-0.025057163089514
-0.030058905482292
-0.017099626362324
-0.028586851432920
-0.025385703891516
-0.025639656931162
-0.023966679349542
-0.025928471237421
-0.017336787655950
-0.038111124187708
-0.029872670769691
-0.018200716003776
-0.030150512233377
-0.029355553910136
-0.029255468398333
-0.032433174550533
-0.046507593244314
-0.024019742384553
-0.019496465101838
-0.016754491254687
-0.020486578345299
-0.028718136250973
-0.021718835458159
-0.017760660499334
-0.011061120778322
-0.014377299696207
0.003675874555483
-0.030130842700601
-0.027983510866761
-0.035345215350389
-0.014554986730218
-0.023294840008020
-0.029907498508692
-0.056832376867533
-0.043072402477264
-0.025912486016750
-0.022570755332708
-0.022797996178269
-0.030597807839513
-0.028770288452506
-0.026425508782268
-0.027378350496292
-0.036715488880873
-0.031388752162457
-0.037839621305466
-0.010891988873482
-0.017220815643668
-0.029259270057082
-0.040743332356215
-0.024686712771654
-0.035373434424400
-0.036149185150862
-0.021808844059706
-0.032790418714285
-0.031429275870323
-0.031074393540621
-0.079269319772720
-0.029610462486744
-0.028157228603959
-0.028410395607352
-0.042520280927420
-0.067789249122143
-0.033957462757826
-0.025215663015842
-0.026516593992710
-0.027237208560109
-0.005628351587802
-0.034703411161900
-0.027623202651739
-0.020510230213404
-0.061412546783686
-0.033438012003899
-0.046916652470827
-0.016309566795826
-0.019260182976723
-0.048462152481079
-0.014269577339292
-0.012856991961598
-0.018921913579106
-0.018096717074513
-0.022856790572405
-0.047974869608879
-0.037878699600697
-0.023118197917938
-0.027948858216405
-0.035203516483307
-0.017915606498718
