-0.428804486989975
0.259853452444077
-0.018764842301607
-0.322473168373108
-0.366931796073914
-0.145171284675598
0.168192133307457
-0.424477964639664
-0.217159479856491
0.137051627039909
0.073882631957531
-0.809444010257721
0.033104147762060
0.143951371312141
0.481264024972916
0.034644912928343
-0.301660478115082
-0.405046731233597
-0.312153607606888
0.488511502742767
-0.560435354709625
-0.371434092521667
0.178789198398590
0.321437448263168
-0.077039472758770
-0.070802368223667
0.873568475246429
-0.483806163072586
0.264273792505264
0.425049394369125
-0.454943329095840
-0.767964661121368
-0.365433722734451
-0.156829655170441
-0.261696159839630
0.072308786213398
-0.612838029861450
-0.254824399948120
-0.009190484881401
-0.207611858844757
-0.545474708080292
0.547776758670807
-0.426762908697128
-0.442531347274780
-0.323756694793701
-0.894483864307404
-0.224398151040077
0.141595646739006
-0.275550037622452
-0.412483334541321
-0.549703359603882
-0.481527686119080
-0.498081177473068
-0.586295008659363
-0.265592306852341
-1.031798005104065
-0.160528331995010
-0.361505359411240
-0.865234375000000
0.230075016617775
-0.034665398299694
-0.282636255025864
0.038261041045189
-0.326655298471451
0.027026984840631
-0.064832642674446
-0.248393684625626
-0.113534651696682
-0.229402109980583
-0.065302364528179
-0.190607175230980
0.178702801465988
-0.051233243197203
0.159683808684349
-0.134379282593727
-0.863300919532776
-1.425539016723633
0.028864517807961
0.016144908964634
-0.577843964099884
0.352094203233719
-0.264012843370438
-0.141472816467285
-0.745112478733063
-0.442990303039551
-0.320668965578079
0.042540714144707
-0.804939389228821
-0.101431682705879
-0.103376924991608
-0.712705492973328
0.131410256028175
0.030267328023911
-0.699961304664612
0.367495805025101
-0.201096966862679
0.099634930491447
-0.235450595617294
-0.002951512578875
-0.260098904371262
0.004588013049215
-0.038146436214447
-0.923515021800995
-0.173138454556465
-0.776917994022369
-1.076457142829895
0.018147470429540
-0.200182825326920
-0.524625122547150
-0.353431582450867
0.342613786458969
-0.571305990219116
0.555841326713562
-0.023357521742582
0.370301574468613
-0.329568475484848
-0.602151513099670
0.202402129769325
-0.017359863966703
0.963707208633423
-0.116076305508614
0.107173785567284
-0.048933882266283
0.872102797031403
0.176192641258240
-0.272971034049988
-0.190563321113586
0.018095474690199
