0.509050250053406
0.423781245946884
0.312297314405441
0.227153018116951
0.219067156314850
0.254505693912506
0.474864810705185
0.265285581350327
0.284536123275757
0.244849681854248
0.504096448421478
0.629772007465363
0.444870024919510
0.416408568620682
0.566816866397858
0.565143287181854
0.557684361934662
0.413580477237701
0.380583733320236
0.517620086669922
0.495926946401596
0.568223237991333
0.459808856248856
0.416335254907608
0.452847123146057
0.217816159129143
0.416330158710480
0.529415547847748
0.555208325386047
0.552181899547577
0.337004899978638
0.559688091278076
0.547258973121643
0.467482954263687
0.592088818550110
0.162711456418037
0.617612183094025
0.550638496875763
0.584017395973206
0.450203955173492
0.477068722248077
0.448370128870010
0.545765280723572
0.611832559108734
0.446721017360687
0.516135632991791
0.509124100208282
0.312680333852768
0.527563452720642
0.566816329956055
0.568576931953430
0.341710835695267
0.186459526419640
0.434243887662888
0.407428681850433
0.485454231500626
0.452767401933670
0.471593171358109
0.401654899120331
0.610452830791473
0.430776059627533
0.541328847408295
0.482588648796082
0.522639572620392
0.391382902860641
0.134110599756241
0.262783229351044
0.480199456214905
0.408827215433121
0.442152380943298
0.602239191532135
0.614837765693665
0.542289197444916
0.384659737348557
0.554925203323364
0.304780602455139
0.563680410385132
0.535930514335632
0.504611790180206
0.362922668457031
0.303320646286011
0.477531552314758
0.414146184921265
0.541453063488007
0.499896585941315
0.351733803749084
0.650782823562622
0.557053804397583
0.532085716724396
0.571285605430603
0.474114358425140
0.498919874429703
0.650370001792908
0.439919412136078
0.517672419548035
0.333516120910645
0.479776471853256
0.379834890365601
0.497551411390305
0.277295559644699
0.389456212520599
0.229255229234695
0.251022517681122
0.565141856670380
0.293032854795456
0.437397122383118
0.537435114383698
0.373706072568893
0.141046956181526
0.565522015094757
0.089188970625401
0.533380031585693
0.440106302499771
0.289072930812836
0.456620603799820
0.410003393888474
0.430845052003860
0.523160040378571
0.299375772476196
0.573797583580017
0.582055985927582
0.251064389944077
0.066508717834949
0.539822757244110
0.601618647575378
0.502352893352509
0.221257761120796
0.490564435720444
0.382288098335266
0.148060292005539
0.523748040199280
0.528753638267517
0.530160665512085
0.551947057247162
0.332068413496017
0.443991661071777
0.405064493417740
0.269795000553131
0.204324871301651
0.499735563993454
0.452011168003082
0.193865969777107
0.430227398872375
0.431747734546661
0.203993618488312
0.344674944877625
0.419015049934387
0.392778158187866
0.297188252210617
0.526768267154694
0.407230675220490
0.420948565006256
0.443685442209244
0.058602668344975
0.401654571294785
0.144098341464996
0.380010873079300
0.489157706499100
0.458881139755249
0.413285881280899
0.281326144933701
0.500753045082092
0.529341161251068
0.430121600627899
0.528427660465240
0.080656148493290
0.542092025279999
0.502195954322815
0.535782992839813
0.535240113735199
0.220527291297913
0.631894350051880
0.290646433830261
0.444137006998062
0.569532096385956
0.364326298236847
0.477020233869553
0.488381147384644
0.366081595420837
0.667226076126099
0.598967611789703
0.479378640651703
0.598243355751038
0.389704465866089
0.658434867858887
0.506718814373016
0.539531111717224
0.237076461315155
0.411723107099533
0.393748193979263
0.487241148948669
0.480169236660004
0.344130665063858
0.398177027702332
0.428603678941727
0.445889562368393
0.396996468305588
0.420975625514984
0.535416960716248
0.521004498004913
0.481837123632431
0.481266736984253
0.632213592529297
0.433735609054565
0.593226611614227
0.458148062229156
0.566910326480865
0.443794310092926
0.486859470605850
0.495170742273331
0.330107629299164
0.269789040088654
0.476401865482330
0.441638886928558
0.413955688476562
0.420168131589890
0.487745463848114
0.431989043951035
0.267661869525909
0.420700550079346
0.423408240079880
0.454968750476837
0.146738678216934
0.500610530376434
0.364695459604263
0.131893813610077
0.447068214416504
0.390545248985291
0.484834879636765
0.113847345113754
0.563251912593842
0.583393871784210
0.500650525093079
0.511248469352722
0.423704922199249
0.621991753578186
0.499579101800919
0.468437612056732
0.570849955081940
0.184998646378517
0.547469556331635
0.453421503305435
0.510201632976532
0.492678284645081
0.347230702638626
0.399192184209824
0.401870429515839
0.223500236868858
0.617079734802246
0.490489482879639
0.448411703109741
0.536560714244843
0.567965269088745
0.613074541091919
0.449025660753250
0.393909692764282
