-0.204855367541313
-0.484091341495514
-0.241308972239494
-0.396170437335968
-0.562324106693268
-0.343232989311218
-0.331988722085953
-0.469863116741180
-0.356435388326645
-0.297644436359406
-0.402302771806717
-0.380128920078278
-0.306755036115646
-0.373326897621155
-0.467193126678467
-0.365273118019104
0.032080318778753
-0.322644710540771
-0.323993027210236
-0.357303470373154
-0.063835881650448
-0.234054639935493
-0.262097209692001
-0.242610603570938
-0.407845497131348
-0.331424683332443
-0.436675578355789
-0.185835123062134
-0.071487456560135
-0.378958165645599
-0.334147393703461
-0.310756802558899
-0.153402343392372
-0.390433758497238
-0.379462629556656
-0.160722628235817
-0.327838063240051
-0.476397216320038
-0.326032489538193
-0.296755433082581
-0.396185547113419
-0.231939226388931
-0.275056838989258
-0.349269717931747
-0.421898037195206
-0.356114000082016
-0.348972320556641
-0.231437101960182
-0.370790988206863
-0.246760413050652
-0.263052552938461
-0.276060402393341
-0.416948109865189
-0.333042502403259
-0.488967329263687
-0.350358277559280
-0.181103035807610
-0.233212530612946
-0.312001436948776
-0.283433049917221
-0.432684808969498
-0.310528486967087
-0.316810220479965
-0.547515869140625
-0.457518458366394
-0.237339273095131
-0.216264635324478
-0.440043270587921
-0.220358580350876
-0.357861995697021
-0.345620751380920
-0.352027058601379
-0.361223936080933
-0.370180517435074
-0.237472593784332
-0.308934509754181
-0.311602026224136
-0.224455282092094
-0.362473100423813
-0.278198897838593
-0.458111047744751
-0.448786228895187
-0.220625013113022
-0.216119155287743
-0.450650781393051
-0.306888043880463
-0.148409828543663
-0.306511700153351
-0.257845997810364
-0.560398757457733
-0.245660081505775
-0.420388519763947
-0.338496178388596
-0.281364023685455
-0.343515813350677
-0.480226874351501
-0.212603792548180
-0.426181048154831
-0.245803341269493
-0.240719705820084
-0.391169786453247
-0.334325790405273
-0.269748061895370
-0.559060156345367
-0.360304534435272
-0.252831697463989
-0.234882757067680
-0.342875421047211
-0.442560076713562
-0.333368211984634
-0.324676901102066
-0.353062510490417
-0.179323345422745
-0.189986869692802
-0.348989874124527
-0.488385826349258
-0.349773466587067
-0.412151426076889
-0.521331071853638
-0.500663280487061
-0.341182738542557
-0.370646506547928
-0.247911885380745
-0.281780511140823
-0.456348240375519
-0.391953110694885
-0.318083971738815
-0.027040900662541
-0.239785358309746
-0.244170784950256
-0.394749134778976
-0.135644420981407
-0.144372820854187
-0.265182644128799
-0.351654767990112
-0.388132214546204
-0.368922829627991
-0.364870160818100
-0.404329210519791
-0.380892217159271
-0.390039026737213
-0.340693682432175
-0.235038772225380
-0.230886727571487
-0.358731269836426
-0.130129173398018
-0.405726462602615
-0.405122756958008
-0.226124882698059
-0.229350835084915
-0.374449074268341
-0.299751698970795
-0.344858586788177
-0.326337456703186
-0.374717652797699
-0.356330662965775
-0.169239297509193
-0.360586494207382
-0.203540310263634
-0.402965664863586
-0.322635918855667
-0.133579954504967
-0.292488723993301
-0.344460040330887
-0.240375280380249
-0.313949257135391
-0.359155982732773
-0.255892276763916
-0.385115683078766
-0.303198248147964
-0.301037967205048
-0.276350319385529
-0.403228789567947
-0.303223878145218
-0.443575412034988
-0.224628612399101
-0.298761934041977
-0.548017323017120
-0.318488121032715
-0.505320250988007
-0.258715629577637
-0.366785198450089
-0.482454240322113
-0.355319410562515
-0.325225293636322
-0.186123937368393
-0.182980671525002
-0.323422491550446
-0.503731131553650
-0.215612456202507
-0.337616115808487
-0.340423673391342
-0.332638204097748
-0.274215012788773
-0.343008041381836
-0.226644292473793
-0.194163650274277
-0.397056221961975
-0.165579274296761
-0.244009956717491
-0.412240087985992
-0.395558446645737
-0.349940359592438
-0.400435268878937
-0.492857903242111
-0.372140228748322
-0.323074579238892
-0.380386382341385
-0.396841228008270
-0.409211456775665
-0.225051164627075
-0.302751898765564
-0.199429646134377
-0.513113439083099
0.034918915480375
-0.372070640325546
-0.406505316495895
-0.405065298080444
-0.403155535459518
-0.469911605119705
-0.340993434190750
-0.402689218521118
-0.346312940120697
-0.393372148275375
-0.452135950326920
-0.208521157503128
-0.228976592421532
-0.358605653047562
-0.420252442359924
-0.378212213516235
-0.429103255271912
-0.405496239662170
-0.327088057994843
-0.249011203646660
-0.394758373498917
-0.380749553442001
-0.315115541219711
-0.313544899225235
-0.248540267348289
-0.455930948257446
-0.282066196203232
-0.362972408533096
-0.413034409284592
-0.385703712701797
-0.200009480118752
-0.219863906502724
-0.335140764713287
-0.267389863729477
-0.250837236642838
-0.177726343274117
-0.406584054231644
-0.263194561004639
-0.275532364845276
-0.279226481914520
-0.351282596588135
-0.479406863451004
