0.607138872146606
0.608105897903442
0.665985286235809
1.018020868301392
0.586675167083740
0.509033203125000
0.514896869659424
1.004681229591370
0.406497567892075
0.551512956619263
0.469262570142746
0.771995007991791
0.609469473361969
0.765141785144806
0.802991926670074
0.534761846065521
0.567678928375244
0.753350436687469
0.439518034458160
0.476035386323929
0.806157290935516
0.413182944059372
0.661491692066193
0.507173538208008
0.400875538587570
0.536359071731567
0.548462450504303
0.813344717025757
0.575408160686493
0.540632426738739
0.440684378147125
0.779030561447144
0.496142357587814
1.277106881141663
0.910476982593536
0.631941974163055
0.611749172210693
0.496565401554108
0.479730755090714
0.485995203256607
1.729557394981384
0.467641592025757
0.685645282268524
0.564341604709625
0.786859333515167
0.655749201774597
1.311180114746094
0.430874526500702
1.029138565063477
1.356281280517578
0.743978798389435
0.826723337173462
0.488416045904160
0.481673568487167
0.451722294092178
0.741626203060150
0.695919990539551
0.890436112880707
0.954906344413757
0.501160264015198
0.627227485179901
0.473776876926422
0.615354061126709
0.794728338718414
