0.546337187290192
0.271010667085648
0.255099922418594
0.309806287288666
0.543341517448425
0.377002686262131
0.461364209651947
0.438259154558182
0.347765594720840
0.255692929029465
0.387408256530762
0.280198723077774
0.751372933387756
0.327074021100998
0.428002268075943
0.424365818500519
0.306523770093918
0.449122071266174
0.580919802188873
0.504709362983704
0.508407115936279
0.535127699375153
0.545907199382782
0.601004719734192
0.488433450460434
0.272640705108643
0.536323070526123
0.250473588705063
0.219117909669876
0.470545023679733
0.589855909347534
0.469521045684814
0.216341644525528
0.529796421527863
0.460622698068619
0.528445780277252
0.459908723831177
0.400031834840775
0.295814305543900
0.464899331331253
0.228349015116692
0.304464280605316
0.410017222166061
0.264265120029449
0.268102914094925
0.518273174762726
0.455952972173691
0.470332473516464
0.314875543117523
0.648207545280457
0.414878219366074
0.208795860409737
0.431002348661423
0.532830119132996
0.551268517971039
0.451498210430145
0.405438184738159
0.149010211229324
0.302387893199921
0.457613736391068
0.409654468297958
0.404619038105011
0.276196181774139
0.433336466550827
0.445542871952057
0.473155379295349
0.463591098785400
0.388668179512024
0.379942059516907
0.466643273830414
0.394028544425964
0.469715118408203
0.414283245801926
0.518683910369873
0.604443252086639
0.424521565437317
0.348136186599731
0.300072133541107
0.230200678110123
0.572055041790009
0.452487021684647
0.516710758209229
0.413709491491318
0.576341331005096
0.617305994033813
0.502802789211273
0.371253877878189
0.258535563945770
0.436326026916504
0.296242743730545
0.385424345731735
0.358318150043488
0.283406108617783
0.309977382421494
0.421369552612305
0.375793695449829
0.233554020524025
0.449101775884628
0.450928270816803
0.671857237815857
0.312019675970078
0.369237214326859
0.498962819576263
0.508337080478668
0.461170434951782
0.524546444416046
0.607045769691467
0.536024689674377
0.438088178634644
0.504326105117798
0.515309214591980
0.188928738236427
0.423104733228683
0.431890308856964
0.408656328916550
0.444976866245270
0.205996528267860
0.467600524425507
0.421549439430237
0.264138400554657
0.538069546222687
0.438510924577713
0.285196602344513
0.229455053806305
0.550215005874634
0.389297217130661
0.388526737689972
0.662389636039734
