0.327767044305801
0.449000477790833
0.400721549987793
0.428995013237000
0.451745122671127
0.305150091648102
0.429452568292618
0.515744864940643
0.455401599407196
0.410167515277863
0.454337745904922
0.524077415466309
0.470583766698837
0.502563178539276
0.474012225866318
0.467983186244965
0.308831453323364
0.489840775728226
0.432585507631302
0.491650432348251
0.287694036960602
0.392143547534943
0.403649896383286
0.410927414894104
0.510331332683563
0.332320839166641
0.495436549186707
0.375382572412491
0.340040177106857
0.396306395530701
0.289792627096176
0.477487355470657
0.175878629088402
0.519865334033966
0.395327508449554
0.363403767347336
0.621640026569366
0.531011700630188
0.427726805210114
0.523688375949860
0.479090422391891
0.275761753320694
0.317840844392776
0.394964545965195
0.650938272476196
0.347046732902527
0.350848913192749
0.267781823873520
0.514641225337982
0.264366149902344
0.531978547573090
0.292338609695435
0.402833104133606
0.456253677606583
0.468048095703125
0.247471511363983
0.394528359174728
0.434364885091782
0.388192236423492
0.510666370391846
0.672206461429596
0.549004077911377
0.410401046276093
0.494810730218887
0.460394829511642
0.224970012903214
0.329673528671265
0.472224771976471
0.221080958843231
0.526933729648590
0.441455483436584
0.447456181049347
0.477867364883423
0.441874444484711
0.392517954111099
0.371067285537720
0.426740974187851
0.269007891416550
0.495495945215225
0.431006968021393
0.453487604856491
0.510038375854492
0.366748541593552
0.442725837230682
0.459643900394440
0.439181149005890
0.209146544337273
0.196801424026489
0.426430910825729
0.407394468784332
0.365190804004669
0.524514198303223
0.468318611383438
0.414914637804031
0.524406492710114
0.529379844665527
0.355106800794601
0.434956967830658
0.211772933602333
0.441459655761719
0.487312465906143
0.440424442291260
0.212118387222290
0.409013152122498
0.265162289142609
0.422976523637772
0.356795161962509
0.517889559268951
0.487854689359665
0.444809496402740
0.308798462152481
0.558879256248474
0.362358450889587
0.322585940361023
0.394168138504028
0.469370245933533
0.472462266683578
0.484676688909531
0.484591692686081
0.573514163494110
0.359432518482208
0.548111498355865
0.429067641496658
0.544735610485077
0.424324959516525
0.493397116661072
0.334350436925888
0.324411004781723
0.260164588689804
0.460496604442596
0.483587116003036
0.345916390419006
0.380094110965729
0.426429003477097
0.601624667644501
0.480357736349106
0.574434101581573
0.471278697252274
0.432323575019836
0.402701109647751
0.584292054176331
0.501345932483673
0.120545484125614
0.447471588850021
0.575045406818390
0.143859356641769
0.388257145881653
0.508025586605072
0.273519158363342
0.337666600942612
0.457265287637711
0.400356888771057
0.460898667573929
0.393643856048584
0.434806466102600
0.478046655654907
0.407722800970078
0.476626425981522
0.323451876640320
0.421302229166031
0.381953507661819
0.275679975748062
0.435985207557678
0.394196897745132
0.099437370896339
0.501575827598572
0.394787698984146
0.469693690538406
0.472762882709503
0.476197570562363
0.458966344594955
0.132895648479462
0.540816247463226
0.419568330049515
0.491434991359711
0.324802309274673
0.324205160140991
0.545553743839264
0.352766126394272
0.451239407062531
0.256333500146866
0.502073705196381
0.432268291711807
0.447920739650726
0.495291203260422
0.333560526371002
0.423005342483521
0.383695989847183
0.485488682985306
0.128431260585785
0.445125967264175
0.507947623729706
0.393112957477570
0.376596361398697
0.447336196899414
0.291613638401031
0.420604497194290
0.489654868841171
0.383754491806030
0.414924085140228
0.485183149576187
0.448130846023560
0.480393201112747
0.471302270889282
0.537798881530762
0.457097768783569
0.392896920442581
0.572042644023895
0.493614614009857
0.412181258201599
0.385132551193237
0.273879826068878
0.390482515096664
0.589117884635925
0.247939109802246
0.398937851190567
0.453275501728058
0.360000789165497
0.433333247900009
0.347604572772980
0.370781362056732
0.523978650569916
0.603900611400604
0.552373111248016
0.539345860481262
0.331721633672714
0.367676734924316
0.340851366519928
0.430887430906296
0.454919338226318
0.429966598749161
0.457550585269928
0.490562975406647
0.349964439868927
0.483405619859695
0.526291251182556
0.583719611167908
0.449590742588043
0.430605858564377
0.567078292369843
0.245278611779213
0.466035693883896
0.459933310747147
0.331609636545181
0.152696415781975
0.557042121887207
0.526629567146301
0.310515552759171
0.434475302696228
0.333264946937561
0.455763936042786
0.277884066104889
0.435201346874237
0.375588744878769
0.416683137416840
0.459908246994019
