-0.315717846155167
-0.279176503419876
0.184874758124352
-0.174412444233894
-0.008028693497181
0.352139711380005
-0.081400059163570
-0.425639420747757
0.001956217689440
-0.296820580959320
-0.186715230345726
-0.361059039831161
-0.131093636155128
-0.252844721078873
-0.109182998538017
-0.243222832679749
-0.070282138884068
-0.113879494369030
-0.388247787952423
-0.551132917404175
-0.041593745350838
-0.190320849418640
-0.231366381049156
-0.073152735829353
0.090211324393749
-0.197308987379074
-0.252061724662781
-0.301686674356461
0.167465612292290
0.207105532288551
-0.177892684936523
-0.185721799731255
-0.029541634023190
-0.196939170360565
0.052276436239481
0.111582070589066
-0.373942106962204
-0.198518097400665
-0.089378871023655
-0.358434855937958
-0.496933728456497
0.271556377410889
-0.054839376360178
-0.207033902406693
-0.433498024940491
-0.386274069547653
-0.583671689033508
-0.321403205394745
-0.245414406061172
-0.417876243591309
-0.313909858465195
-0.118447184562683
-0.237493291497231
-0.045385848730803
0.297978252172470
-0.310726583003998
-0.251367688179016
-0.028215127065778
-0.276691794395447
0.042076967656612
-0.055032767355442
-0.126316070556641
0.154700189828873
-0.334935933351517
-0.309474408626556
-0.274803906679153
0.052644520998001
-0.042644906789064
0.030076706781983
0.157215699553490
-0.451851874589920
0.231715515255928
-0.058302547782660
0.204160362482071
-0.238398477435112
-0.507021903991699
-0.495253711938858
-0.065971963107586
-0.293850988149643
0.306558012962341
-0.116711266338825
-0.138030976057053
-0.085525885224342
-0.405110716819763
-0.232529893517494
-0.262774586677551
-0.236134052276611
0.017881078645587
0.172393962740898
-0.006260751746595
-0.336950004100800
-0.481458514928818
-0.171605348587036
-0.389609813690186
-0.226746484637260
-0.459638804197311
-0.629920661449432
-0.244142010807991
-0.067311294376850
-0.309912323951721
0.148317784070969
0.318090707063675
-0.358334243297577
0.157917380332947
-0.244652107357979
-0.455254375934601
0.315734148025513
-0.393861591815948
-0.383136004209518
0.248710408806801
-0.425828814506531
-0.103825978934765
0.319825917482376
0.188082605600357
0.368263095617294
-0.277356296777725
-0.516622841358185
0.057761497795582
0.116521619260311
-0.133956223726273
-0.106817886233330
-0.199832856655121
-0.359711825847626
0.302918553352356
-0.114701367914677
-0.468943774700165
-0.112869434058666
-0.203789487481117
