-0.388745605945587
-0.018837774172425
-0.094044938683510
-0.272872775793076
-0.194201752543449
-0.269747376441956
-0.138993039727211
-0.216569975018501
-0.142399221658707
-0.116936884820461
-0.051373064517975
0.107570253312588
-0.163429349660873
-0.088928796350956
-0.083907477557659
-0.044978171586990
-0.398018866777420
0.012929975055158
-0.318126827478409
-0.164547219872475
-0.325665533542633
-0.048348572105169
-0.296788215637207
-0.178758159279823
-0.049732707440853
-0.121970452368259
-0.046310976147652
-0.166798949241638
0.073597572743893
-0.179593220353127
0.134181514382362
-0.142219394445419
-0.132553607225418
-0.039305862039328
-0.286233931779861
-0.074370935559273
-0.045506507158279
-0.075715154409409
-0.110954903066158
-0.103625386953354
-0.122998461127281
-0.109869413077831
-0.252857446670532
0.018178323283792
-0.241623669862747
-0.177937760949135
-0.147514536976814
-0.282873183488846
-0.081673808395863
0.058479141443968
-0.260794579982758
0.004575767088681
-0.266538530588150
-0.080455087125301
-0.062674231827259
-0.114343389868736
-0.176063075661659
0.048917908221483
-0.122858285903931
-0.136551082134247
-0.139940351247787
0.136560738086700
-0.106922820210457
-0.102654837071896
