0.015748627483845
0.038691341876984
0.028898138552904
0.020714910700917
0.028662303462625
0.022769538685679
0.017978044226766
0.027894670143723
0.010019115172327
0.030070591717958
0.042523253709078
0.056161269545555
0.028048492968082
0.033096987754107
0.029525872319937
0.032521396875381
0.011453093960881
0.035415694117546
0.005925139412284
0.071090288460255
0.012184701859951
0.020073462277651
0.007168740499765
0.006879205815494
0.023400630801916
0.014570686034858
0.052812039852142
0.009948675520718
0.012127975933254
0.043410792946815
0.026673004031181
0.025623748078942
0.079531565308571
0.023572286590934
0.014802653342485
0.007824704982340
0.059693634510040
0.021973978728056
0.028504900634289
0.035399660468102
0.024164725095034
0.028273507952690
0.033930230885744
0.034530490636826
0.035228259861469
0.021909177303314
0.037741709500551
0.042333107441664
0.003709355602041
0.056650422513485
0.023949895054102
0.034714728593826
0.028001768514514
0.046216826885939
0.029589118435979
0.053374025970697
0.024015732109547
0.035082083195448
0.010244295001030
0.025693498551846
0.049286007881165
0.016716221347451
0.025956731289625
0.028156895190477
0.020070571452379
0.021711654961109
0.015162346884608
0.035836715251207
0.021275693550706
0.038321327418089
0.040837075561285
0.043940823525190
0.033258233219385
0.040636673569679
0.007089134771377
0.022693840786815
0.058166168630123
0.026699818670750
0.036362994462252
0.010563779622316
0.016404116526246
0.048312403261662
0.009899696335196
0.024106489494443
0.020340206101537
0.013382454402745
0.037648990750313
0.022432884201407
0.067563541233540
0.019671004265547
0.026104981079698
0.040731217712164
0.043036770075560
0.029501644894481
0.033271033316851
0.031129432842135
0.033375848084688
0.021970048546791
0.022448236122727
0.022717917338014
0.034953717142344
0.028836600482464
0.020396836102009
0.019758896902204
0.025627788156271
0.006557601038367
0.012448733672500
0.048083081841469
0.022958340123296
0.017672296613455
0.035210296511650
0.042869262397289
0.007589995395392
0.025427810847759
0.008225733414292
0.007322981022298
0.035415329039097
0.030502624809742
0.054265465587378
0.029069360345602
0.044535588473082
0.048372525721788
0.027541326358914
0.071956902742386
0.027829825878143
0.032786961644888
0.029385723173618
0.008779252879322
0.051002375781536
0.024651097133756
0.015531258657575
0.011092379689217
0.009933302178979
0.006337867118418
0.018782114610076
0.026480494067073
0.039003670215607
0.037795428186655
0.065180525183678
0.017519304528832
0.028091978281736
0.004013968631625
0.024938488379121
0.034308999776840
0.041596032679081
0.069222919642925
0.013100407086313
0.032338045537472
0.021940231323242
0.009353950619698
0.036773968487978
0.024864684790373
0.035169437527657
0.025940353050828
0.021065706387162
0.034870356321335
0.025617811828852
0.025662221014500
0.015404871664941
0.013284206390381
0.019502410665154
0.039423223584890
0.021042466163635
0.029449824243784
0.034981507807970
0.032082390040159
0.011902077123523
0.030416086316109
0.055329959839582
0.034534238278866
0.026788461953402
0.019252331927419
0.046116452664137
0.039520729333162
0.044467058032751
0.030160853639245
0.027874017134309
0.027556933462620
0.033918865025043
0.008308915421367
0.044513061642647
0.038165163248777
0.038547348231077
0.032522726804018
0.022145066410303
0.020828153938055
0.007346759084612
0.023979887366295
0.028844710439444
0.027821445837617
0.025021651759744
0.034171506762505
0.058074012398720
0.021604469045997
0.018906157463789
0.004871451761574
0.008483805693686
0.040862046182156
0.016918420791626
0.033613275736570
0.034877881407738
0.017155613750219
0.015588575042784
0.027030721306801
0.058076381683350
0.016805315390229
0.025695748627186
0.021530685946345
0.020577851682901
0.025617029517889
0.007511395495385
0.039432208985090
0.006029036827385
0.046963211148977
0.013353447429836
0.016485961154103
0.027183031663299
0.041074231266975
0.034020941704512
0.017523018643260
0.010603826493025
0.025937331840396
0.076270446181297
0.047062557190657
0.020580725744367
0.041532002389431
0.023503134027123
0.034377291798592
0.043337583541870
0.020994639024138
0.023826330900192
0.021547049283981
0.025271588936448
0.017385685816407
0.042652133852243
0.047019280493259
0.025941668078303
0.035797815769911
0.020056920126081
0.035727400332689
0.026037422940135
0.024294544011354
0.026198362931609
0.019142834469676
0.030873654410243
0.030744383111596
0.029827810823917
0.038727402687073
0.023973846808076
0.021002868190408
0.041081868112087
0.048754062503576
0.028154311701655
0.034791421145201
0.020413959398866
0.011415978893638
