0.006798430345953
0.016407782211900
0.010325415059924
0.009890833869576
0.012892254628241
0.007999061606824
0.010503659024835
0.018658565357327
0.008802978321910
0.002134284004569
0.007740941829979
0.014619659632444
0.009340465068817
0.011285351589322
0.005227760411799
0.005262541119009
0.011152015998960
0.025162709876895
0.014097886160016
0.008573968894780
0.004233148414642
0.018418174237013
0.004312089644372
0.013968534767628
0.005751582793891
0.011194739490747
0.005516665522009
0.005950623657554
0.012251271866262
0.006196917966008
0.006556232925504
0.004460909869522
0.024593502283096
0.011399257928133
0.017004856839776
0.009182214736938
0.014007104560733
0.006990585476160
0.006369565613568
0.012279796414077
0.009972915053368
0.007805079687387
0.003420573659241
0.010839785449207
0.011321343481541
0.006695027928799
0.004018164705485
0.005728556308895
0.020428363233805
0.004275788553059
0.001744089764543
0.006625735666603
0.005615418776870
0.014595060609281
0.007628286257386
0.012446670792997
0.008379981853068
0.004757553339005
0.018351836130023
0.016194211319089
0.007095270324498
0.025950431823730
0.006727814208716
0.019957279786468
0.008094332180917
0.010069961659610
0.018429966643453
0.010061823762953
0.010377072729170
0.004642012994736
0.019397588446736
0.003549834713340
0.005774584133178
0.006441931240261
0.005783947650343
0.005521260201931
0.003083446295932
0.013478291220963
0.006458645220846
0.011783153750002
0.011148181743920
0.003618827555329
0.013918960466981
0.005956816021353
0.013574599288404
0.011310077272356
0.015181915834546
0.010928437113762
0.002206784207374
0.004580641631037
0.016720376908779
0.005884135607630
0.013441025279462
0.005274672061205
0.012531569227576
0.015481931157410
0.011503449641168
0.007031305693090
0.015462543815374
0.015707980841398
0.008557287976146
0.018063521012664
0.009348981082439
0.011323714628816
0.008434761315584
0.034454930573702
0.011310385540128
0.006289774551988
0.014565366320312
0.008870736695826
0.006742384284735
0.009718437679112
0.033591371029615
0.012458714656532
0.008139735087752
0.011751173064113
0.004970410838723
0.012337479740381
0.012303757481277
0.005890574771911
0.004810100886971
0.008334469981492
0.014794315211475
0.018935516476631
0.012017367407680
0.010443085804582
0.006304700858891
0.007387313526124
