-0.028679190203547
-0.014266266487539
-0.087171271443367
-0.021750843152404
-0.022459004074335
0.002269834745675
-0.030868906527758
-0.049718961119652
-0.037961848080158
0.091704353690147
0.007385478820652
0.086336754262447
0.052442841231823
-0.015391956083477
-0.011502427980304
-0.010572578758001
0.030518282204866
-0.022233664989471
-0.012163359671831
-0.001049282262102
0.003571072127670
0.102349884808064
-0.059749286621809
0.034290008246899
-0.051279772073030
-0.010142605751753
-0.033782407641411
0.013442461378872
-0.028199041262269
-0.077758856117725
-0.095675893127918
0.042838729918003
-0.015938136726618
0.008347456343472
-0.018412861973047
-0.013556126505136
-0.026633784174919
-0.010738738812506
-0.165578275918961
-0.038206271827221
-0.097041688859463
-0.002765743061900
-0.087016940116882
-0.091748103499413
-0.002388461725786
-0.023702966049314
-0.024129001423717
-0.042392402887344
-0.038458481431007
-0.006233853287995
-0.068642720580101
-0.021637436002493
0.018845615908504
-0.016335204243660
-0.028250714763999
-0.097860947251320
-0.016431083902717
0.069520883262157
-0.008594634011388
0.021791689097881
-0.064625352621078
-0.013842235319316
-0.005081535317004
-0.045206926763058
