0.059015978127718
0.153615519404411
0.061110541224480
0.147087007761002
0.150678157806396
0.069391801953316
0.128907948732376
0.082760609686375
0.114954091608524
0.202265799045563
0.127028256654739
0.094073072075844
0.095478460192680
0.106644205749035
0.117251858115196
0.100403413176537
0.067113570868969
0.117515869438648
0.112417273223400
0.133365124464035
0.059170342981815
0.031136369332671
0.065224535763264
0.037121560424566
0.126917332410812
0.070717878639698
0.194155529141426
0.041977699846029
0.072435483336449
0.112085364758968
0.292536914348602
0.153959691524506
0.186033248901367
0.183384463191032
0.200961127877235
0.035736955702305
0.089123360812664
0.125285208225250
0.076003819704056
0.128371000289917
0.084750182926655
0.060902364552021
0.060609832406044
0.076022021472454
0.106888160109520
0.132199183106422
0.043520748615265
0.098150439560413
0.109105214476585
0.216464757919312
0.161077767610550
0.084052607417107
0.309969246387482
0.198682904243469
0.124648280441761
0.173021450638771
0.081751972436905
0.148299247026443
0.038903284817934
0.082898810505867
0.158675789833069
0.084262832999229
0.054933995008469
0.242164477705956
0.122663721442223
0.076303131878376
0.086215406656265
0.156669378280640
0.093622528016567
0.147196397185326
0.100301630795002
0.203924179077148
0.070940785109997
0.110162802040577
0.050183191895485
0.084606394171715
0.146785974502563
0.064142130315304
0.086519211530685
0.088005505502224
0.233331516385078
0.140346542000771
0.044143777340651
0.043363422155380
0.123493283987045
0.092738956212997
0.173694550991058
0.105298295617104
0.111657902598381
0.245733723044395
0.038608077913523
0.118322148919106
0.156424015760422
0.123775064945221
0.084288574755192
0.124013878405094
0.080433577299118
0.191082030534744
0.157588794827461
0.081830874085426
0.090058766305447
0.095287710428238
0.067692793905735
0.210391268134117
0.181026294827461
0.047664549201727
0.034430224448442
0.114522673189640
0.091269753873348
0.162723988294601
0.053675763309002
0.261873543262482
0.037569802254438
0.042774252593517
0.149427548050880
0.215222239494324
0.134802311658859
0.117812730371952
0.148715510964394
0.176467746496201
0.095989421010017
0.118349649012089
0.080223269760609
0.155858084559441
0.139384388923645
0.134202718734741
0.081357784569263
0.052339468151331
0.115967251360416
0.091053754091263
0.120038464665413
0.045895922929049
0.035204418003559
0.048511266708374
0.100876830518246
0.117691479623318
0.160552829504013
0.149378240108490
0.200822919607162
0.118666857481003
0.100177742540836
0.158397972583771
0.072793826460838
0.075624689459801
0.177150055766106
0.193762719631195
0.230564072728157
0.140017405152321
0.093108974397182
0.037286784499884
0.108202666044235
0.075544312596321
0.084285475313663
0.088977672159672
0.114703640341759
0.108210526406765
0.076951570808887
0.114638708531857
0.045406334102154
0.094680175185204
0.052958045154810
0.179525092244148
0.083999812602997
0.123245835304260
0.066463775932789
0.132099002599716
0.099911518394947
0.168055057525635
0.080613858997822
0.073057390749454
0.101085431873798
0.070305548608303
0.273217290639877
0.139291986823082
0.133629932999611
0.143222644925117
0.113510817289352
0.183945283293724
0.104095429182053
0.261334031820297
0.157901480793953
0.075982540845871
0.148885980248451
0.162337541580200
0.074148625135422
0.083904489874840
0.040426537394524
0.172971025109291
0.180019870400429
0.083008237183094
0.129697799682617
0.135579854249954
0.166593030095100
0.061917535960674
0.138880804181099
0.081099353730679
0.038179788738489
0.110608398914337
0.014810190536082
0.078232891857624
0.102332301437855
0.150697827339172
0.075578026473522
0.127881333231926
0.183789178729057
0.088975794613361
0.081105701625347
0.161627665162086
0.105023875832558
0.147554621100426
0.055946629494429
0.105419136583805
0.026224017143250
0.148950591683388
0.068073831498623
0.154169455170631
0.081458695232868
0.068744719028473
0.134007692337036
0.120008163154125
0.130111798644066
0.102372705936432
0.194310724735260
0.148616850376129
0.135782450437546
0.176259160041809
0.123807713389397
0.059227049350739
0.146576777100563
0.081418924033642
0.110327020287514
0.188163250684738
0.098764479160309
0.068161368370056
0.102880969643593
0.108091183006763
0.156951427459717
0.102254457771778
0.027868524193764
0.114860065281391
0.063585601747036
0.084258727729321
0.085469081997871
0.246950164437294
0.090800419449806
0.095473743975163
0.076382890343666
0.192478507757187
0.079929903149605
0.147537231445312
0.118109151721001
0.079295128583908
0.075903140008450
0.174858137965202
0.082753427326679
0.187589570879936
