0.308170527219772
0.260799258947372
0.360122352838516
0.282233417034149
0.431934148073196
0.541060507297516
0.253635048866272
0.431068748235703
0.458875119686127
0.246061623096466
0.282319843769073
0.459692031145096
0.173873171210289
0.285412847995758
0.553448855876923
0.389289319515228
0.463553458452225
0.632489562034607
0.926061034202576
0.506705999374390
0.519783377647400
0.465517163276672
0.164493694901466
0.210958361625671
0.453449517488480
0.791999280452728
0.401692152023315
0.602401852607727
0.415916770696640
0.226728349924088
0.508969426155090
0.328502535820007
0.331308156251907
0.332280814647675
0.512178599834442
0.417501091957092
0.333355993032455
0.436298966407776
0.516507029533386
0.327682852745056
0.453936100006104
0.475524097681046
0.492543011903763
0.322767287492752
0.376644849777222
0.432226866483688
0.333701521158218
0.577928543090820
0.479398608207703
0.599032342433929
0.707651853561401
0.352069079875946
0.563196063041687
0.339639753103256
0.496559441089630
0.564960420131683
0.441156893968582
0.455104172229767
0.496201425790787
0.282112121582031
0.370104670524597
0.488211899995804
0.239940345287323
0.725122392177582
0.514320611953735
0.391752958297729
0.433496624231339
0.443387985229492
0.445933878421783
0.461099952459335
0.478497654199600
0.450907975435257
0.638142883777618
0.285195201635361
0.469042241573334
0.357476741075516
0.488200157880783
0.268544137477875
0.460430353879929
0.531945586204529
0.576035618782043
0.388980090618134
0.451333254575729
0.265726000070572
0.545103609561920
0.511247694492340
0.219333052635193
0.621409356594086
0.479946076869965
0.452602624893188
0.328870564699173
0.240371972322464
0.460456699132919
0.718250155448914
0.211955219507217
0.594623208045959
0.434820652008057
0.414194047451019
0.159930139780045
0.512100875377655
0.578219413757324
0.576010048389435
0.458861351013184
0.697775483131409
0.555072903633118
0.684545278549194
0.456633687019348
0.747389078140259
0.743544876575470
0.548445880413055
0.625393986701965
0.624053955078125
0.494685500860214
0.497939378023148
0.445860683917999
0.372990995645523
1.112874031066895
0.437696427106857
0.451007664203644
0.528786003589630
0.462143242359161
0.600558876991272
0.370175778865814
0.528551757335663
0.258188009262085
0.228356912732124
0.289282172918320
0.407772958278656
