0.109192810952663
0.026756292209029
0.127978697419167
0.039987102150917
0.070920906960964
-0.024051958695054
0.076446227729321
0.061166401952505
0.054353151470423
-0.026405481621623
0.051757130771875
-0.002108298242092
-0.017848204821348
-0.044008959084749
-0.010812803171575
-0.024016907438636
0.019451633095741
-0.035863958299160
0.027590002864599
0.070099897682667
-0.015865655615926
0.104300148785114
-0.020279072225094
0.084547296166420
-0.027169512584805
-0.045646794140339
-0.044429004192352
0.004866837523878
-0.003720257198438
-0.013647623360157
0.046230502426624
0.032141465693712
-0.033256240189075
0.049043022096157
0.007357457652688
0.055582981556654
-0.063530497252941
-0.069589309394360
-0.048963177949190
-0.054268870502710
0.011625693179667
0.051012344658375
-0.079633675515652
0.075363203883171
-0.001023219432682
-0.028155190870166
0.013448924757540
-0.036276623606682
0.030956108123064
0.000936187570915
0.018790224567056
-0.047569349408150
0.045961786061525
0.046005796641111
-0.026538673788309
0.014557198621333
0.048040956258774
-0.027030812576413
0.024382369592786
0.004964277148247
-0.033468827605247
0.066896982491016
-0.006308077834547
0.028277602046728
-0.032181959599257
-0.019924156367779
-0.094957180321217
-0.021204141899943
0.012403802946210
-0.002178111113608
0.068731077015400
0.017885768786073
0.000268984178547
-0.061348624527454
0.043466422706842
0.004781418479979
-0.076055295765400
0.034381706267595
-0.038080893456936
0.018342917785048
0.036077599972486
-0.023777909576893
-0.034030254930258
0.060117509216070
0.085437469184399
0.057547114789486
-0.026815053075552
-0.024550331756473
-0.032021641731262
-0.013962716795504
0.030176959931850
-0.000530307414010
-0.024784712120891
-0.040252316743135
0.075825817883015
-0.122164100408554
-0.043839436024427
0.012181865982711
0.069910250604153
0.043290413916111
0.014370367862284
0.005631003528833
0.019774332642555
-0.011239066720009
0.114568442106247
-0.159874722361565
-0.020789733156562
-0.062377844005823
0.027783770114183
0.022198826074600
0.034615993499756
-0.027147319167852
-0.145540729165077
0.081832624971867
0.004248260986060
-0.047169771045446
-0.047971110790968
0.049964915961027
0.004033952485770
0.061438981443644
0.025624688714743
-0.007243563421071
0.014822473749518
-0.035748299211264
-0.096564210951328
-0.017672698944807
-0.024335492402315
-0.020680457353592
