0.249250963330269
0.248459726572037
0.311869412660599
0.158767923712730
0.173521250486374
0.249183818697929
0.215150177478790
0.231923907995224
0.196908071637154
0.299260377883911
0.155010610818863
0.328154444694519
0.215697646141052
0.264506340026855
0.249518558382988
0.141474381089211
0.206411153078079
0.345368772745132
0.636189043521881
0.430106461048126
0.412953019142151
0.151411011815071
0.293442487716675
0.283428162336349
0.267589658498764
0.433462947607040
0.200484946370125
0.486379981040955
0.124649398028851
0.226027697324753
0.366006404161453
0.350629538297653
0.198912307620049
0.130752474069595
0.125799670815468
0.098148651421070
0.397999942302704
0.058294955641031
0.235794529318810
0.167992457747459
0.319143295288086
0.108503997325897
0.184153899550438
0.303072273731232
0.158429384231567
0.462442457675934
0.242008283734322
0.257078886032104
0.293055772781372
0.242792487144470
0.319047421216965
0.409113794565201
0.174989581108093
0.466151982545853
0.204427421092987
0.586549103260040
0.125751867890358
0.161747574806213
0.493388891220093
0.397998631000519
0.124513156712055
0.206184387207031
0.285950958728790
0.418119251728058
0.204193711280823
0.277719855308533
0.148084387183189
0.131027355790138
0.130092948675156
0.071317970752716
0.215267986059189
0.091214306652546
0.427887171506882
0.599394559860229
0.221444725990295
0.216657519340515
0.559050858020782
0.598337173461914
0.136001005768776
0.234037920832634
0.223787099123001
0.179816976189613
0.065771915018559
0.437434405088425
0.082826867699623
0.114551074802876
0.292379230260849
0.246666878461838
0.115778326988220
0.155729874968529
0.191824153065681
0.166260853409767
0.101511493325233
0.487145990133286
0.250239849090576
0.265074044466019
0.159689038991928
0.065157227218151
0.235456258058548
0.576819479465485
0.167241320014000
0.116287551820278
0.486094295978546
0.201167777180672
0.287858664989471
0.696913719177246
0.144613385200500
0.599895954132080
0.508167922496796
0.124695241451263
0.324942499399185
0.265264093875885
0.436835974454880
0.085032969713211
0.554151177406311
0.570692360401154
1.718973755836487
0.185604795813560
0.119100630283356
0.254876554012299
0.170604422688484
0.339049786329269
0.127798497676849
0.212640643119812
0.351866483688354
0.223406046628952
0.180515155196190
0.123624451458454
