0.154248028993607
0.144792392849922
0.498587518930435
0.136981740593910
0.054084297269583
0.039562419056892
0.022496772930026
0.058565959334373
0.169876694679260
0.134331867098808
0.083558797836304
0.347099602222443
0.085996694862843
0.045110352337360
0.131256535649300
0.019223788753152
0.089284136891365
0.091512978076935
0.015613768249750
0.125917524099350
0.028362169861794
0.186993673443794
0.088001817464828
0.019965119659901
0.061559274792671
0.077191680669785
0.031008118763566
0.049564108252525
0.091666296124458
0.193438962101936
0.365724682807922
0.115432128310204
0.029138328507543
0.016208101063967
0.150069311261177
0.233862161636353
0.201267421245575
0.024124694988132
0.134737357497215
0.053925059735775
0.167709589004517
0.054727174341679
0.108239233493805
0.221639499068260
0.038010656833649
0.060314305126667
0.025816205888987
0.133063927292824
0.035447541624308
0.060166351497173
0.246771156787872
0.055756732821465
0.031690463423729
0.118869572877884
0.029228318482637
0.122538201510906
0.072499692440033
0.114170633256435
0.054205775260925
0.267175674438477
0.044284578412771
0.071528293192387
0.155295655131340
0.020480904728174
