-0.130396559834480
-0.161929517984390
-0.231100559234619
-0.130996644496918
-0.197455421090126
0.054894924163818
-0.234238758683205
-0.154918074607849
-0.224520102143288
0.119077637791634
0.015112040564418
-0.147645980119705
-0.157575711607933
-0.014735008589923
-0.279517292976379
-0.019684938713908
-0.148961454629898
-0.002344293752685
-0.215682923793793
-0.187776356935501
-0.334817171096802
-0.159344136714935
-0.066650010645390
-0.256710350513458
-0.247416734695435
-0.042239010334015
-0.255314558744431
-0.149086624383926
0.069874681532383
-0.137470006942749
-0.075024858117104
-0.280084371566772
-0.074428573250771
-0.008436403237283
-0.085423372685909
-0.285018682479858
-0.074151329696178
-0.247488886117935
-0.213301151990891
-0.055186297744513
-0.109131664037704
-0.093408435583115
-0.101886235177517
-0.005651551764458
-0.213399827480316
0.078317463397980
-0.174310222268105
-0.287920922040939
-0.154242202639580
-0.030077535659075
-0.187986761331558
-0.190329909324646
-0.242349222302437
-0.383186727762222
0.041617788374424
-0.029610956087708
-0.025877395644784
-0.318816184997559
0.072084113955498
-0.291125893592834
-0.202757433056831
0.055289000272751
-0.216022461652756
0.003687081625685
0.011337192729115
-0.332536071538925
-0.151961252093315
-0.211496829986572
0.037239618599415
0.020697373896837
-0.167431786656380
0.008284642361104
0.097398176789284
-0.185440659523010
0.017852567136288
-0.246590927243233
0.001637294190004
-0.306397557258606
0.027396526187658
-0.021261930465698
-0.251146882772446
-0.371768176555634
-0.245768561959267
-0.222675934433937
-0.356008797883987
-0.214981898665428
-0.272278338670731
-0.343212246894836
-0.216968178749084
-0.269463479518890
0.084621675312519
-0.283323019742966
-0.267019152641296
0.035931881517172
0.000217584776692
-0.219059258699417
-0.347387224435806
-0.271841555833817
-0.026228925213218
-0.200814634561539
-0.169110268354416
-0.286416649818420
-0.280975729227066
-0.394975960254669
-0.223272800445557
-0.012556923553348
-0.215423211455345
-0.087623819708824
-0.181508570909500
0.023595815524459
-0.192173525691032
0.015324760228395
-0.199416369199753
-0.173027843236923
-0.288826346397400
-0.193583250045776
-0.276113450527191
-0.377969503402710
-0.290300220251083
-0.577924787998199
-0.150462672114372
-0.232227504253387
-0.187242716550827
-0.075170338153839
-0.281803309917450
-0.168954595923424
-0.361526072025299
-0.279872745275497
-0.153854414820671
-0.049250736832619
-0.152085453271866
-0.351153641939163
-0.151344031095505
-0.047533456236124
-0.212238147854805
-0.256279468536377
-0.237766265869141
0.042706757783890
-0.207701086997986
-0.362795025110245
-0.127476066350937
-0.163161799311638
-0.001861399388872
-0.300020992755890
-0.274127960205078
-0.335856020450592
-0.182328611612320
-0.124343216419220
-0.272445321083069
-0.275229632854462
-0.127328082919121
-0.026971455663443
-0.212399050593376
-0.334201812744141
0.039654899388552
-0.110409691929817
0.160707816481590
-0.335789352655411
0.035207264125347
-0.009328879415989
-0.309569120407104
-0.008320060558617
-0.286024689674377
-0.227156728506088
-0.231993481516838
-0.213291332125664
-0.025191245600581
-0.109264761209488
-0.120660528540611
-0.257416337728500
-0.161818131804466
-0.207850158214569
-0.283964514732361
-0.306473284959793
-0.217715546488762
-0.154584720730782
-0.245846718549728
0.007471604272723
-0.260960161685944
-0.239085048437119
0.042838819324970
-0.270280778408051
-0.145991116762161
-0.197654798626900
0.054937064647675
-0.226580515503883
-0.099016405642033
-0.017246976494789
-0.009813550859690
-0.153372466564178
-0.092976771295071
0.057887565344572
-0.042504917830229
-0.197815626859665
-0.265020996332169
-0.165891945362091
-0.238160371780396
-0.155361622571945
-0.164741218090057
-0.209268227219582
-0.192946135997772
0.051492046564817
-0.112197406589985
-0.263749539852142
-0.211220487952232
-0.095851011574268
-0.153625383973122
-0.078643500804901
-0.245214447379112
-0.069942481815815
-0.264166653156281
-0.231174454092979
-0.314396113157272
-0.131326809525490
-0.157592505216599
-0.194950565695763
-0.168366447091103
-0.233569204807281
-0.113266617059708
-0.185715660452843
0.004567370284349
-0.212098762392998
-0.041860502213240
-0.273705571889877
-0.085019677877426
-0.101920865476131
-0.261271536350250
-0.185376167297363
0.056128203868866
-0.116507537662983
-0.107347488403320
-0.204377621412277
-0.287305623292923
-0.068314515054226
-0.223015815019608
-0.465973913669586
-0.297708451747894
-0.236014068126678
-0.241219848394394
-0.294451445341110
-0.281824201345444
-0.266651779413223
-0.019946081563830
-0.167577534914017
-0.222560584545135
-0.256650596857071
0.033199600875378
-0.221158057451248
0.016434641554952
-0.134565070271492
-0.235020235180855
-0.159081771969795
-0.037071187049150
-0.093941032886505
-0.246001213788986
0.012805734761059
