-0.038844842463732
-0.264486908912659
1.905547738075256
-0.626968920230865
-0.331941902637482
-0.925184786319733
-0.585602641105652
-0.016626948490739
0.438539564609528
0.760437548160553
-0.738332748413086
-0.458204418420792
0.633198738098145
-1.097696065902710
-1.041859149932861
0.124143689870834
-0.963976144790649
-2.304331779479980
-0.395646661520004
-0.493077099323273
0.934620738029480
-1.046937823295593
-0.214063614606857
-0.304412156343460
-0.301351845264435
-0.369485974311829
0.803976178169250
0.119531042873859
-0.058550979942083
-0.623009502887726
0.044060688465834
-1.531898498535156
-1.350574374198914
-0.076887801289558
0.098243191838264
0.068410240113735
-0.381809353828430
-0.600559115409851
-0.192506566643715
-0.226927667856216
-1.694499731063843
0.611145257949829
-0.879915833473206
0.375368386507034
2.032104015350342
0.526678204536438
0.975764036178589
-0.123040966689587
-3.197078466415405
-1.673941731452942
-0.220408692955971
-2.658128023147583
0.070454984903336
-0.772505104541779
-0.566396355628967
-0.441892683506012
0.949968278408051
-1.706834912300110
-0.556655943393707
-1.005486249923706
0.218819439411163
0.477214217185974
-0.558328211307526
-1.023654103279114
